8.148626	3.935587
4.660055	7.506748
-0.098131	-1.229100
3.042207	0.593887
7.467075	6.753409
5.894478	5.280200
-0.687916	8.408328
8.027399	6.033791
2.788689	6.546019
4.969290	5.515457
1.395415	-6.354322
8.702712	7.806938
2.876386	-0.776788
4.756814	2.722354
7.583160	7.314819
9.451537	-6.431599
8.571187	5.343058
-6.526560	-6.834654
9.969485	0.079292
-2.670540	4.037829
6.417666	4.100716
2.550461	2.570006
2.178788	3.680503
6.327778	7.408185
9.726811	-0.988954
-1.714688	0.392854
7.551671	8.990123
0.233170	5.897889
8.823977	7.190493
-4.928406	7.100500
8.044569	3.482555
-9.861251	9.607069
0.897044	-1.965555
7.286319	1.486077
8.467080	9.522350
8.426602	4.271748
2.665695	9.517993
2.756097	2.655225
-2.044589	2.897771
4.013860	6.835168
9.101830	2.668490
7.088023	2.463905
-0.910222	-7.867363
-3.926787	7.308591
9.250215	1.164080
-1.373367	4.375086
9.827205	5.460155
9.566316	5.556212
-2.946139	-2.265665
8.279050	7.973245
5.383416	7.663036
5.727257	7.836508
-1.815221	8.861050
3.974770	-6.142120
1.920870	9.527024
4.250571	4.991196
3.925658	-3.432645
-0.619596	-0.204673
4.899482	2.207700
9.977789	-3.982348
3.494087	9.339234
9.252549	8.636270
4.755604	4.967098
1.728106	5.274238
3.180718	7.580630
9.528848	7.991174
6.284343	7.128855
4.934709	1.216864
2.540753	7.240406
-3.241131	1.288295
-1.853336	-4.037346
7.379354	3.052300
0.705958	5.343710
-3.522233	7.087267
1.119497	-1.103947
4.736133	5.162257
3.540218	4.741255
5.236675	6.947919
4.678523	8.683879
-0.305029	1.844427
4.368305	1.285587
6.067730	2.543202
0.278970	5.401654
4.005656	4.690592
8.476273	1.971475
0.936295	-0.059038
1.115464	8.769984
-3.209709	3.869366
4.308178	7.068924
7.433601	-0.166168
6.331746	0.122776
2.207537	0.342962
6.092378	3.892903
-0.564070	1.633859
-2.256167	8.130389
9.254658	-3.712791
3.506597	-5.897947
9.563694	3.790736
2.826728	9.301244
-3.562012	5.304600
-1.825331	-1.158082
4.331880	2.749593
9.679153	-1.058327
5.618321	3.161163
4.120353	5.829805
-2.268761	3.370637
5.012081	6.892183
9.121079	3.623603
-3.110164	8.606394
8.680791	-4.927320
7.277981	9.619147
-2.160127	4.867313
-6.668258	0.169726
-2.251869	9.059318
9.381962	6.306994
3.027543	0.511438
0.838004	7.613234
-3.977437	-1.603794
-0.271428	7.806028
-1.247127	7.008471
7.638951	-7.842163
7.548284	7.814656
9.596839	0.076738
-3.005456	6.283037
4.513648	4.070890
0.987163	2.088386
9.461190	5.195367
-0.849355	4.624941
6.445847	1.180737
3.950848	7.070991
8.856330	-1.484741
8.515358	7.921375
5.434676	-6.135858
1.904022	7.397087
-0.680795	0.826110
5.255966	8.882555
8.748800	4.165092
6.552016	5.309843
8.388371	7.017325
1.062252	-7.253197
-6.026416	6.072884
4.870838	1.773870
7.326597	3.086317
8.660578	1.253505
-3.215258	4.448176
3.731217	4.184870
9.053640	-3.288376
5.430232	2.839545
3.746595	8.702081
3.119321	1.740620
-6.129722	9.626969
3.720316	-0.026700
2.043396	9.086749
-5.178932	-7.880498
4.050290	7.824286
3.072616	0.054871
-1.779510	6.297514
4.290399	2.568088
-1.756504	2.159729
4.780100	1.711970
4.221962	1.638884
5.282815	0.706388
1.056668	9.132871
4.076472	-6.777128
6.307428	-1.879244
6.183482	2.361013
-0.493534	7.427304
2.129536	-2.829629
5.967189	4.935498
3.956140	-9.316229
8.944375	-0.492323
6.033780	4.579579
4.875509	9.231567
8.839226	4.215005
8.009618	-5.631551
4.700321	9.344227
9.304509	9.227310
7.013111	7.828600
6.446950	6.970373
2.679411	1.804611
5.805533	9.378491
1.961046	-2.650228
-0.673981	4.752205
5.266801	5.908934
-4.837815	7.634286
4.277585	8.363738
8.587262	2.955207
4.388897	4.313099
4.967782	3.744389
7.021738	7.992004
5.402499	0.338519
3.951315	-2.053446
5.126805	7.089247
5.191788	5.989510
1.097413	2.377661
3.682732	-1.211294
4.987366	0.517364
4.499019	2.929662
8.007580	3.034197
1.242954	8.462731


4.939540	1.731906
-1.421687	8.511949
-1.479292	8.004778
-1.869676	-4.629795
-7.603586	7.845328
4.733983	7.874578
-4.786644	4.969393
4.580098	1.202567
1.674043	4.400462
7.671018	-7.741321
-1.995143	1.614950
-4.453130	-1.696229
7.946842	-7.738392
4.579877	7.957711
1.149611	5.336954
7.504900	-7.907979
4.454187	7.587285
1.581927	-7.383132
8.232933	-7.463778
7.613392	4.657154
4.397876	2.017734
1.539281	-7.635389
-1.883053	1.643366
-4.999952	4.607165
4.869847	7.766566
-1.488754	-4.377866
5.152308	1.693591
0.938185	4.333137
1.279761	-7.545115
-7.937324	7.692780
-7.625755	7.470713
-7.676975	1.583712
-4.725959	-8.195226
4.868632	7.822570
4.540174	7.849064
7.569725	4.351183
8.198997	4.551228
7.369084	-1.805473
7.996101	4.627129
-1.707692	1.578279
1.335314	-1.269904
-4.536196	-1.961882
7.990173	4.600653
7.757642	-1.532559
-4.322033	-7.517024
8.163884	-8.342374
-4.451832	-1.688107
1.381360	-8.048941
-4.292014	-8.349230
4.320236	7.895336
4.253385	1.349828
8.039453	5.157492
-1.594933	7.663911
-1.878940	-4.308437
8.056825	4.575247
-1.801607	1.133458
7.758847	-1.981352
-7.488509	-4.664782
-4.729143	5.254979
-1.446877	1.711420
-4.868591	4.645386
7.668831	-1.724890
-1.362921	1.533867
4.808521	1.482713
7.710152	4.802809
-1.616266	1.555942
5.108538	7.995708
8.111365	-1.185483
-7.693272	1.084093
-1.652478	1.468447
-1.819750	-4.785616
5.268668	7.688767
-1.467698	1.712264
1.848314	4.473038
-4.548393	-1.420927
-4.910901	-7.264192
-0.927212	7.884753
4.978478	-4.686215
-8.166883	-4.845654
4.427997	7.787224
-4.929884	-1.403630
1.890934	-1.711159
-1.579870	1.579398
-1.679792	1.568018
-7.910984	-4.610224
-7.730913	1.200204
-7.221552	7.454134
-1.506803	8.098316
4.650910	7.943995
-7.921184	1.532587
-1.180991	8.030407
-4.707500	-7.380316
1.746129	4.783531
-1.496836	8.139800
7.292830	-1.356378
7.555122	5.124938
4.659296	-4.436702
-1.719792	1.477793
-1.806833	1.521928
1.940332	-7.467717
7.827491	-7.656166
4.916285	8.203594
-4.469388	-1.579783
8.366167	-1.370129
5.013972	8.037889
-4.109425	4.651860
-1.575350	1.663546
7.659402	-7.832880
4.556814	7.816748
5.079334	8.195197
4.767090	-5.129693
4.253079	1.837611
-7.991368	-4.907184
-7.572960	-4.775284
2.372542	-8.028768
-4.677134	4.428649
1.457920	-7.930937
7.852180	-1.922287
-1.397600	8.187870
8.168921	-7.873114
1.710141	-7.624606
1.212038	-1.568427
7.543550	-1.899229
7.838324	-8.397857
7.651231	-7.642313
4.143776	7.451512
7.719831	4.625616
-4.912717	-7.520232
-1.491828	1.765548
-1.229534	-5.594502
-5.154938	-7.778487
7.753057	4.318501
8.280664	4.608967
-8.190366	7.911527
7.719856	3.770694
4.668503	-5.256497
-1.639425	1.642723
-4.592365	-1.276237
7.878967	5.025356
4.620459	-4.760941
-1.785249	7.804810
7.806901	-1.127844
4.853190	-4.950281
8.990321	-1.332316
-7.898047	7.826252
-4.361691	4.438713
-1.821564	7.507970
7.610430	-1.345946
-1.404034	7.549882
1.834323	4.957761
-1.506754	1.751011
-8.118082	8.102821
-1.502700	-4.388592
-1.498356	-4.622546
4.787510	7.826387
4.813922	7.643324
-4.570363	4.758752
7.268254	-7.796843
1.881070	-8.184323
5.022233	7.703469
-1.955958	1.678726
4.820506	7.229964
7.939319	4.685712
-4.783170	5.406833
-5.011585	-1.701716
7.843251	-8.028869
4.994249	7.818714
1.767369	-7.767573
4.579300	7.772465
4.382326	1.826345
-7.751997	7.607006
0.979207	4.974925
5.054650	-4.293338
7.982126	-1.355464
1.061806	3.946176
-7.617936	7.677107
8.473731	4.702635
-1.707492	1.642326
7.959895	-1.570451
-1.797754	-4.592057
-4.679439	-1.870072
-8.648065	1.298714
4.839109	-4.800797
7.378137	-1.424631
5.181061	8.027222
1.932317	4.232967
1.442076	4.762849
7.590160	-8.178209
7.918288	-7.782766
4.699079	1.705691
-7.472293	7.767347
1.519383	4.528668
7.568382	-1.618042
1.117832	-1.730886
-3.975673	-1.678350
-1.706678	1.517518
7.803262	-1.715099
-4.703370	-1.569540
-1.190163	1.735486
4.614854	8.264286


4.699220	1.591893
-1.559553	7.820514
-1.575957	7.907577
-1.577304	-4.694730
-7.796949	7.830025
4.702662	7.868779
-4.670997	4.728524
4.709298	1.611169
1.580464	4.715102
7.813463	-7.837064
-1.593376	1.551805
-4.726740	-1.579586
7.855057	-7.843852
4.720036	7.865096
1.599610	4.713430
7.828318	-7.864736
4.741606	7.875029
1.621482	-7.818710
7.845995	-7.908112
7.843251	4.679344
4.673091	1.575846
1.562922	-7.842425
-1.517716	1.515370
-4.745071	4.697732
4.718953	7.863332
-1.558217	-4.697685
4.754258	1.561012
1.538524	4.711294
1.557331	-7.876925
-7.783642	7.858460
-7.828866	7.834995
-7.901138	1.576720
-4.717863	-7.918966
4.711768	7.843197
4.749926	7.893754
7.822411	4.707242
7.850989	4.693061
7.911215	-1.531668
7.826133	4.725627
-1.519366	1.555491
1.575884	-1.570764
-4.677568	-1.538312
7.882196	4.702103
7.861362	-1.572315
-4.693687	-7.882976
7.826550	-7.829337
-4.726739	-1.598134
1.547093	-7.853234
-4.702279	-7.845224
4.722997	7.841552
4.721797	1.572518
7.865172	4.685699
-1.567546	7.871104
-1.586977	-4.726234
7.883962	4.703173
-1.567026	1.564321
7.801382	-1.594114
-7.840637	-4.691744
-4.705176	4.729977
-1.585958	1.557241
-4.685130	4.731554
7.834133	-1.596193
-1.520498	1.631887
4.690024	1.584951
7.856008	4.711814
-1.595906	1.595959
4.708383	7.878458
7.826747	-1.559637
-7.835671	1.516170
-1.587865	1.549584
-1.574104	-4.716356
4.741135	7.863509
-1.559266	1.535484
1.614149	4.717446
-4.698079	-1.611220
-4.680483	-7.856390
-1.591985	7.853579
4.647403	-4.737700
-7.886276	-4.729555
4.705941	7.795674
-4.717622	-1.574121
1.603949	-1.547621
-1.576108	1.552326
-1.549703	1.586653
-7.854964	-4.701213
-7.832971	1.557328
-7.875835	7.834969
-1.557245	7.816686
4.700973	7.874036
-7.844538	1.549847
-1.560002	7.852404
-4.703611	-7.768948
1.596860	4.751431
-1.594562	7.845248
7.864230	-1.580127
7.815197	4.722559
4.666785	-4.705237
-1.537917	1.533860
-1.598336	1.588028
1.573895	-7.819459
7.871802	-7.844142
4.681515	7.900176
-4.727505	-1.603443
7.857082	-1.561026
4.674440	7.817786
-4.680676	4.750321
-1.605106	1.579762
7.881425	-7.942843
4.742395	7.885504
4.753688	7.896107
4.686382	-4.708983
4.686646	1.540166
-7.871095	-4.699431
-7.818678	-4.663932
1.551998	-7.835564
-4.701408	4.725600
1.621246	-7.866365
7.845918	-1.580215
-1.597645	7.904927
7.847529	-7.837462
1.541891	-7.895678
1.550192	-1.556710
7.879666	-1.504575
7.832562	-7.827510
7.875375	-7.853574
4.698872	7.900707
7.871187	4.746698
-4.705352	-7.853521
-1.545012	1.594537
-1.547618	-4.707199
-4.686365	-7.893915
7.892634	4.688370
7.826580	4.675889
-7.885996	7.839628
7.829989	4.664451
4.741547	-4.727106
-1.569828	1.578451
-4.704039	-1.598067
7.848972	4.673455
4.700206	-4.711116
-1.520144	7.863107
7.859597	-1.536659
4.746005	-4.732091
7.902405	-1.556193
-7.831739	7.829184
-4.759430	4.725669
-1.582977	7.882850
7.871771	-1.570467
-1.605707	7.855386
1.598002	4.696091
-1.577221	1.598260
-7.831758	7.865879
-1.549196	-4.713548
-1.558916	-4.657268
4.681528	7.865468
4.729071	7.869089
-4.656663	4.765990
7.900016	-7.868275
1.567940	-7.871562
4.701243	7.869674
-1.592816	1.573371
4.747654	7.855989
7.864338	4.710961
-4.717971	4.751604
-4.719852	-1.563544
7.825277	-7.903855
4.709907	7.850640
1.583101	-7.809413
4.709689	7.829342
4.732090	1.607189
-7.844862	7.879705
1.577776	4.676997
4.668675	-4.706495
7.844191	-1.511618
1.566722	4.695585
-7.879734	7.880798
7.873792	4.721322
-1.590167	1.566632
7.849173	-1.605391
-1.548825	-4.656141
-4.662282	-1.590081
-7.853555	1.550149
4.700410	-4.715968
7.831958	-1.537859
4.697165	7.814733
1.584730	4.678620
1.569844	4.708783
7.853293	-7.857657
7.829815	-7.788679
4.719135	1.535619
-7.856752	7.869933
1.580169	4.659794
7.838447	-1.520997
1.555655	-1.571822
-4.736476	-1.617185
-1.578852	1.587026
7.874312	-1.517640
-4.728284	-1.524169
-1.579216	1.579711
4.728856	7.880630


