0.516921
-0.013899
0.154951
0.329971
0.738838
0.871063
0.668424
0.952748
0.870142
0.364833
-0.203710
-0.734814
-0.591081
-0.349984
0.109916
-0.021804
0.502511
0.392877
0.595614
-0.140278
-0.240275
0.528567
0.770481
0.094753
0.125120
0.421512
0.519060
0.404349
0.822123
0.663792
0.615154
0.041282
0.155417
-0.321063
-0.163387
-0.028967
0.468413
0.022491
0.432616
0.042172
-0.002119
0.169786
0.434107
0.211288
0.211288
-0.231520
0.531378
0.955125
0.424168
0.303899
0.626965
0.559714
-0.017308
-0.213040
-0.003860
0.365246
-0.007295
0.042045
0.159309
0.059013
-0.010157
0.077053
0.104349
-0.011297
-0.099333
-0.060988
0.424446
-0.295480
-0.491489
-0.971279
-0.691126
-0.151626
-0.345015
-0.896087
-0.580268
-0.417507
-0.690831
-0.563602
-0.827455
-0.958014
-0.891148
-0.410055
0.153759
0.416015
0.369652
-0.085681
-0.818578
-0.847749
-0.944310
-0.423523
-0.158530
-0.015572
0.263182
0.359998
-0.099795
-0.155206
-0.088359
-0.088950
-0.310241
-0.682426
-0.682426
-0.901325
-0.396341
0.218824
0.092262
0.220905
0.323112
0.007966
-0.072089
-0.072089
-0.009406
0.046536
-0.149599
-0.026466
-0.592775
-0.029714
0.328314
0.186276
-0.060676
-0.060676
0.439812
-0.245569
0.458189
-0.297676
-0.101538
-0.002483
0.007693
-0.231700
0.346865
0.207634
-0.146040
-0.146040
-0.200135
0.436191
0.470020
0.044036
-0.268066
-0.370818
-0.460428
-0.164384
-0.164384
0.149983
0.122179
0.000376
-0.032073
0.292768
0.184696
0.115830
0.030574
-0.598998
0.103304
0.005996
0.285513
0.226904
0.232183
-0.047665
-0.501309
0.141805
-0.036040
-0.215886
0.200622
0.934110
0.811883
0.795075
0.810112
0.904259
0.386735
0.476588
0.483448
0.637366
0.403125
0.100548
0.531032
0.493238
0.411458
-0.005182
-0.256242
-0.482448
-0.415593
-0.434506
0.004758
-0.099769
-0.209380
-0.030878
0.623829
0.073797
-0.306360
-0.315721
-0.297407
-0.182426
0.120232
-0.153320
0.090281
0.002932
-0.201901
0.125152
0.754850
0.732266
0.561399
0.284157
-0.519451
-0.182019
0.361690
-0.175659
0.125378
0.085851
0.699411
0.342053
0.419286
0.005935
0.279830
-0.046341
-0.046341
-0.381114
-0.908057
-0.632648
-0.628623
-0.467743
-0.467743
-0.467743
0.188676
0.509619
0.233638
0.249661
-0.130923
0.197307
-0.359836
0.136792
0.131061
0.458720
0.157883
-0.023064
-0.124420
0.369838
0.655081
0.667058
0.511288
0.986596
0.358937
0.267912
0.042934
-0.032158
-0.386265
-0.455794
-0.609055
-0.423563
-0.777061
-0.777061
-0.858254
-0.199965
-0.915170
-0.609043
-0.025381
0.112410
-0.045002
0.431223
0.403023
0.113590
0.199256
-0.152091
0.095046
0.014931
-0.472096
0.000840
-0.023998
0.157752
0.586712
0.888632
0.965424
0.701420
0.200204
0.262563
0.209580
0.774176
0.774176
0.063174
0.852983
0.668726
0.090633
-0.323346
-0.249732
0.083773
0.423523
0.367274
-0.073494
-0.417482
-0.417482
0.412951
-0.359132
-0.275428
-0.080297
-0.667709
-0.093198
-0.002810
0.267785
-0.074529
-0.804401
-0.102108
0.210785
0.210785
0.210785
-0.100204
0.070229
-0.015267
-0.779398
-0.947834
-0.947834
-0.936404
-0.935399
-0.569595
-0.569595
-0.874869
-0.874869
-0.323793
0.207172
0.276891
0.640651
0.715559
0.538894
0.539643
0.975436
0.473798
-0.185925
-0.239089
0.334663
-0.097064
-0.097064
-0.255909
-0.255909
-0.111412
0.165345
0.165345
-0.408653
-0.590392
-0.613505
-0.985775
-0.818998
-0.330351
0.028070
0.816127
0.649965
0.531554
0.354412
0.757426
0.538811
0.863397
0.810440
0.203560
-0.372428
-0.452889
-0.039362
-0.464739
-0.147150
-0.073881
-0.106213
-0.055657
0.314507
-0.003312
-0.555628
-0.584718
-0.953786
-0.953786
-0.414621
0.319879
-0.130586
-0.079739
0.064379
-0.011618
-0.166358
-0.608701
-0.812844
-0.214843
-0.416452
-0.416452
0.094198
-0.705769
0.013538
-0.002844
0.015491
0.060253
0.627202
0.664851
0.978442
0.293214
0.260903
-0.236526
-0.767513
-0.797212
-0.396895
-0.102680
0.198503
0.147484
0.147484
-0.481116
-0.732374
-0.641385
-0.641385
-0.611215
-0.155838
-0.116226
-0.116226
0.032046
0.032046
-0.229085
-0.053612
-0.001943
-0.017040
-0.017040
-0.147049
0.003513
0.003513
0.210574
0.446189
0.446189
-0.037158
0.187606
-0.001523
0.272897
0.272897
0.272897
-0.322605
-0.469392
-0.881218
-0.960101
-0.963806
-0.852460
-0.648448
-0.565273
-0.727571
-0.727571
-0.656648
-0.949539
-0.158143
-0.744664
-0.744664
-0.903606
-0.950117
-0.950117
-0.927286
-0.927286
-0.927286
-0.927286
-0.951293
-0.951293
-0.941260
-0.802392
-0.427202
-0.280323
-0.497113
-0.497113
-0.978313
-0.978313
-0.576273
-0.576273
-0.862036
-0.711487
-0.391912
-0.391912
-0.565755
-0.565755
-0.496860
-0.260620
-0.072194
0.245287
0.021072
-0.029739
-0.495551
-0.299488
-0.112789
0.089200
-0.003343
-0.208593
-0.638632
-0.589091
-0.908270
-0.908270
-0.908270
-0.806950
-0.752843
-0.966788
-0.838386
-0.725797
-0.725797
-0.228333
-0.228333
-0.228333
-0.126228
-0.163016
-0.163016
-0.189398
-0.189398
-0.911518
-0.373644
-0.681825
-0.492921
-0.284679
0.083073
-0.232369
0.160734
0.007463
-0.332962
-0.332962
-0.257151
-0.803433
-0.803433
-0.339986
0.179691
-0.261868
-0.261868
-0.261868
-0.261868
-0.261868
-0.261868
-0.261868
0.072692
0.022307
0.022307
-0.101582
-0.179339
-0.179339
-0.179339
-0.006405
-0.568810
-0.935856
-0.593128
-0.593128
-0.537541
-0.989642
-0.989642
-0.989642
-0.783064
-0.783064
-0.783064
-0.023171
0.003751
0.003751
-0.481174
0.156459
0.156459
-0.225656
-0.293220
-0.126405
-0.091179
-0.101624
-0.059340
0.021763
-0.375474
0.172202
0.172202
0.018478
-0.249056
0.132885
0.251922
0.097974
-0.024116
-0.108129
-0.108129
-0.438853
0.149005
0.132415
0.014826
-0.373809
-0.580182
-0.464585
-0.829376
-0.829376
-0.829376
-0.829376
-0.829376
-0.155639
-0.155639
-0.035613
-0.294469
-0.310799
-0.708631
-0.708631
-0.704046
-0.704046
-0.483534
-0.483534
-0.483534
-0.555108
-0.555108
-0.555108
-0.513843
-0.952693
-0.994856
-0.994856
-0.994856
-0.994856
-0.777361
-0.777361
-0.503303
0.002977
-0.252936
0.176739
0.176739
-0.011314
-0.157494
-0.022093
-0.403059
-0.403059
-0.775985
-0.775985
-0.775985
-0.999616
-0.999616
-0.999616
-0.999616
-0.999616
-0.999616
-0.999616
-0.807790
-0.971767
-0.697837
-0.697837
-0.773077
-0.942928
-0.942928
-0.953122
-0.980900
-0.904447
-0.665661
-0.665661
-0.665661
-0.665661
-0.665661
-0.665661
-0.665661
-0.665661
-0.665661
-0.717151
-0.717151
-0.717151
-0.717151
-0.717151
-0.717151
-0.982754
-0.595267
-0.595267
-0.595267
-0.595267
-0.994941
-0.830652
-0.830652
-0.972255
-0.972255
-0.972255
-0.972255
-0.972255
-0.972255
-0.972255
-0.972255
-0.972255
-0.972255
-0.972255
-0.972255
-0.972255
-0.972255
-0.972255
-0.405141
-0.405141
-0.714165
-0.647774
-0.647774
-0.647774
-0.647774
-0.647774
-0.532867
-0.604074
-0.604074
-0.850121
-0.850121
-0.850121
-0.850121
-0.850121
-0.850121
-0.850121
-0.788382
-0.896342
-0.896342
-0.947397
-0.955699
-0.955699
-0.955699
-0.955699
-0.955699
-0.955699
-0.955699
-0.955699
-0.955699
-0.955699
-0.955699
-0.955699
-0.903187
-0.903187
-0.852645
-0.852645
-0.958082
-0.958082
-0.958082
-0.958082
-0.958082
-0.958082
-0.958082
-0.884770
-0.884770
-0.884770
-0.907424
-0.907424
-0.907424
-0.907424
-0.907424
-0.910633
-0.910633
-0.907220
-0.907220
-0.830141
-0.830141
-0.830141
-0.830141
-0.972029
-0.972029
-0.972029
-0.936519
-0.936519
-0.936519
-0.936519
-0.936519
-0.936519
-0.936519
-0.936519
-0.936519
-0.962940
-0.962940
-0.962940
-0.962940
-0.962940
-0.996647
-0.929809
-0.904331
-0.904331
-0.904331
-0.904331
-0.925928
-0.925928
-0.925928
-0.609847
-0.609847
-0.609847
-0.857276
-0.857276
-0.857276
-0.775437
-0.775437
-0.775437
-0.775437
-0.775437
-0.775437
-0.899538
-0.899538
-0.860031
-0.860031
-0.963191
-0.963191
-0.963191
-0.963191
-0.963191
-0.960120
-0.960120
-0.910481
-0.910481
-0.704359
-0.811084
-0.863236
-0.863236
-0.863236
-0.863236
-0.863236
-0.863236
-0.863236
-0.863236
-0.863236
-0.863236
-0.863236
-0.845946
-0.845946
-0.845946
-0.951259
-0.951259
-0.951259
-0.951259
-0.920060
-0.920060
-0.920060
-0.873139
-0.873139
-0.961695
-0.961695
-0.961695
-0.961695
-0.961695
-0.961695
-0.961695
-0.961695
-0.961695
-0.927752
-0.927752
-0.960686
-0.960686
-0.960686
-0.993342
-0.993342
-0.993342
-0.993342
-0.993342
-0.993342
-0.993342
-0.983718
-0.983718
-0.983718
-0.983718
-0.983718
-0.983718
-0.983718
-0.983718
-0.983718
-0.983718
-0.983718
-0.983718
-0.983718
-0.983718
-0.983718
-0.983718
-0.983718
-0.983718
-0.983718
-0.983718
-0.983718
-0.983718
-0.983718
-0.983718
-0.983718
-0.983718
-0.983718
-0.983718
-0.983718
-0.983718
-0.983718
-0.983718
-0.983718
-0.983718
-0.983718
-0.983718
-0.983718
-0.983718
-0.983718
-0.983718
-0.983718
-0.983718
-0.983718
-0.983718
-0.983718
-0.983718
-0.983718
-0.965950
-0.965950
-0.965950
-0.965950
-0.965950
-0.972676
-0.998240
-0.998240
-0.998240
-0.998240
-0.998240
-0.998240
-0.998240
-0.998240
-0.998240
-0.998240
-0.998240
-0.998240
-0.998240
-0.922070
-0.922070
-0.922070
-0.922070
-0.922070
-0.922070
-0.926032
-0.926032
-0.926032
-0.926032
-0.926032
-0.846564
-0.846564
-0.846564
-0.846564
-0.846564
-0.846564
-0.846564
-0.846564
-0.920906
-0.920906
-0.920906
-0.920906
-0.920906
-0.920906
-0.920906
-0.920906
-0.920906
-0.920906
-0.920906
-0.920906
-0.920906
-0.920906
-0.920906
-0.920906
-0.936743
-0.936743
-0.936743
-0.936743
-0.936743
-0.936743
-0.936743
-0.936743
-0.973467
-0.973467
-0.973467
-0.973467
-0.973467
-0.973467
-0.973467
-0.988225
-0.988225
-0.995239
-0.995239
-0.995239
-0.995239
-0.995239
-0.995239
-0.995239
-0.995239
-0.995239
-0.995239
-0.995239
-0.995239
-0.995239
-0.995239
-0.995239
-0.995239
-0.995239
-0.995239
-0.995239
-0.995239
-0.995239
-0.995239
-0.995239
-0.995239
-0.995239
-0.995239
-0.995239
-0.995239
-0.995239
-0.995239
-0.995239
-0.995239
-0.995239
-0.995239
-0.995239
-0.995239
-0.995239
-0.995239
-0.995239
-0.995239
-0.995239
-0.995239
-0.995239
-0.995239
-0.995239
-0.995239
-0.995239
-0.995239
-0.995239
-0.995239
-0.995239
-0.995239
-0.995239
-0.995239
-0.995239
-0.995239
-0.995239
-0.995239
-0.999647
-0.999647
-0.999647
-0.999647
-0.999647
-0.999647
-0.999647
-0.999647
-0.999647
-0.999647
-0.999647
-0.999647
-0.999647
-0.999647
-0.999647
-0.999647
-0.999647
-0.999647
-0.999647
-0.999647
-0.999647
-0.999647
-0.999647
-0.999647
-0.999647
-0.999647
-0.999647
-0.999647
-0.999647
-0.999647
-0.999647
-0.999647
-0.999647
-0.999647
-0.999647
-0.999647
-0.999647
-0.999647
-0.999647
-0.999647
-0.999647
-0.999647
-0.999647
-0.999647
-0.999647
-0.999647
-0.999647
-0.999647
-0.999647
-0.999647
-0.999647
-0.999647
-0.999647
-0.999647
-0.999647
-0.999647
-0.999647
-0.999647
-0.999647
-0.999647
-0.999647
-0.999647
-0.999647
-0.999647
-0.999647
-0.999647
-0.999647
-0.999647
-0.999647
-0.999647
-0.999647
-0.999647
-0.999647
-0.999647
-0.999647
-0.999647
-0.999647
-0.999647
-0.999647
-0.999647
-0.999647
-0.999647
-0.999647
-0.999647
-0.999647
-0.999647
-0.999647
-0.999647
-0.999647
-0.999647
-0.999647
-0.999647
-0.999647
-0.999647
-0.999647
-0.999647
-0.999647
-0.999647
-0.999647
-0.999647
-0.999647
-0.999647
-0.999647
-0.999647
-0.999647
-0.999647
-0.999647
-0.999647
-0.999647
-0.999647
-0.999647
-0.999647
-0.999647
-0.999647
-0.999647
-0.999647
-0.999647
-0.999647
-0.999647
-0.999647
-0.999647
-0.999647
-0.999647
-0.999647
-0.999647
-0.999647
-0.999647
-0.999647
-0.999647
-0.999647
-0.999647
-0.999647
-0.999647
-0.999647
-0.999647
-0.999647
-0.999647
-0.999647
-0.999647
-0.999647
-0.999647
-0.999647
-0.999647
-0.999647
-0.999647
-0.999647
-0.999647
-0.999647
-0.999647
-0.999647
-0.999647
-0.999647
-0.999647
-0.996689
-0.996689
-0.996689
-0.996689
-0.996689
-0.996689
-0.996689
-0.996689
-0.996689
-0.996689
-0.996689
-0.996689
-0.993796
-0.993796
-0.993796
-0.993796
-0.993796
-0.993796
-0.993796
-0.993796
-0.993796
-0.993796
-0.993796
-0.993796
-0.993796
-0.993796
-0.993796
-0.993796
-0.993796
-0.993796
-0.993796
-0.993796
-0.993796
-0.993796
-0.993796
-0.993796
-0.993796
-0.993796
-0.993796
-0.993796
-0.993796
-0.993796
-0.993796
-0.993796
-0.993796
-0.993796
-0.993796
-0.993796
-0.993796
-0.993796
-0.993796
-0.993796
-0.993796
-0.993796
-0.993796
-0.993796
-0.993796
-0.993796
-0.993796
-0.993796
-0.993796
-0.993796
-0.993796
-0.993796
-0.993796
-0.993796
-0.993796
-0.993796
-0.993796
-0.993796
-0.993796
-0.993796
-0.993796
-0.993796
-0.993796
-0.993796
-0.993796
-0.993796
-0.993796
-0.993796
-0.993796
-0.993796
-0.993796
-0.993796
-0.993796
-0.993796
-0.993796
-0.993796
-0.993796
-0.993796
-0.993796
-0.993796
-0.993796
-0.993796
-0.993796
-0.993796
-0.993796
-0.993796
-0.993796
-0.993796
-0.993796
-0.993796
-0.993796
-0.993796
-0.993796
-0.993796
-0.993796
-0.993796
-0.993796
-0.993796
-0.993796
-0.993796
-0.993796
-0.993796
-0.993796
-0.993796
-0.993796
-0.993796
-0.993796
-0.993796
-0.993796
-0.993796
-0.993796
-0.993796
-0.993796
-0.993796
-0.999691
-0.999691
-0.999691
-0.999691
-0.999691
-0.999691
-0.999691
-0.999691
-0.999691
-0.999691
-0.999691
-0.999691
-0.999691
-0.999691
-0.999691
-0.999691
-0.999691
-0.999691
-0.999691
-0.999691
-0.999691
-0.999691
-0.999691
-0.999691
-0.999691
-0.999691
-0.999691
-0.999691
-0.999691
-0.999691
-0.999691
-0.999691
-0.999691
-0.999691
-0.999691
-0.999691
-0.999691
-0.999691
-0.999691
-0.999691
-0.999691
-0.999691
-0.999691
-0.999691
-0.999691
-0.999691
-0.999691
-0.999691
-0.999691
-0.999691
-0.999691
-0.999691
-0.999691
-0.999691
-0.999691
-0.999691
-0.999691
-0.999691
-0.999691
-0.999691
-0.999691
-0.999691
-0.999691
-0.999691
-0.999691
-0.999691
-0.999691
-0.999691
-0.999691
-0.999691
-0.999691
-0.999691
-0.999691
-0.999691
-0.999691
-0.999691
-0.999691
-0.999691
-0.999691
-0.999691
-0.999691
-0.999691
-0.999691
-0.999691
-0.999691
-0.999691
-0.999691
-0.999691
-0.999691
-0.999691
-0.999691
-0.999691
-0.999691
-0.999691
-0.999691
-0.999691
-0.999691
-0.999691
-0.999691
-0.999691
-0.999691
-0.999691
-0.999691
-0.999691
-0.999691
-0.999691
-0.999691
-0.999691
-0.999691
-0.999691
-0.999691
-0.999691
-0.999691
-0.999691
-0.999691
-0.999691
-0.999691
-0.999691
-0.999691
-0.999691
-0.999691
-0.999691
-0.999691
-0.999691
-0.999691
-0.999691
-0.999691
-0.999691
-0.999691
-0.999691
-0.999691
-0.999691
-0.999691
-0.999691
-0.999691
-0.999691
-0.999691
-0.999691
-0.999691
-0.999691
-0.999691
-0.999691
-0.999691
-0.999691
-0.999691
-0.999691
-0.999691
-0.999691
-0.999691
-0.999691
-0.999691
-0.999691
-0.999691
-0.999691
-0.999691
-0.999691
-0.999691
-0.999691
-0.999691
-0.999691
-0.999691
-0.999691
-0.999691
-0.999691
-0.999691
-0.999691
-0.999691
-0.999691
-0.999691
-0.999691
-0.999691
-0.999691
-0.999691
-0.999691
-0.999691
-0.999691
-0.999691
-0.999691
-0.999691
-0.999691
-0.999691
-0.999691
-0.999691
-0.999691
-0.999691
-0.999691
-0.999691
-0.999691
-0.999691
-0.999691
-0.999691
-0.999691
-0.999691
-0.999691
-0.999691
-0.999691
-0.999691
-0.999691
-0.999691
-0.999691
-0.999691
-0.999691
-0.999691
-0.999691
-0.999691
-0.999691
-0.999691
-0.999691
-0.999691
-0.999691
-0.999691
-0.999691
-0.999691
-0.999691
-0.999691
-0.999691
-0.999691
-0.999691
-0.999691
-0.999691
-0.999691
-0.999691
-0.999691
-0.999691
-0.999691
-0.999691
-0.999691
-0.999691
-0.999691
-0.999691
-0.999691
-0.999691
-0.999691
-0.999691
-0.999691
-0.999691
-0.999691
-0.999691
-0.999691
-0.999691
-0.999691
-0.999691
-0.999691
-0.999691
-0.999691
-0.999691
-0.999691
-0.999691
-0.999691
-0.999691
-0.999691
-0.999691
-0.999691
-0.999691
-0.999691
-0.999691
-0.999691
-0.999691
-0.999691
-0.999691
-0.999691
-0.999691
-0.999691
-0.999691
-0.999691
-0.999691
-0.999691
-0.999691
-0.999691
-0.999691
-0.999691
-0.999691
-0.999691
-0.999691
-0.999691
-0.999691
-0.999691
-0.999691
-0.999691
-0.999691
-0.999691
-0.999691
-0.999691
-0.999691
-0.999691
-0.999691
-0.999691
-0.999691
-0.999691
-0.999691
-0.999691
-0.999691
-0.999691
-0.999691
-0.999691
-0.999691
-0.999691
-0.999691
-0.999691
-0.999691
-0.999691
-0.999691
-0.999691
-0.999691
-0.999691
-0.999691
-0.999691
-0.999691
-0.999691
-0.999691
-0.999691
-0.999691
-0.999691
-0.999691
-0.999691
-0.999691
-0.999691
-0.999691
-0.999691
-0.999691
-0.999691
-0.999691
-0.999691
-0.999691
-0.999691
-0.999691
-0.999691
-0.999691
-0.999691
-0.999691
-0.999691
-0.999691
-0.999691
-0.999691
-0.999691
-0.999691
-0.999691
-0.999691
-0.999691
-0.999691
-0.999691
-0.999691
-0.999691
-0.999691
-0.999691
-0.999691
-0.999691
-0.999691
-0.999691
-0.999691
-0.999691
-0.999691
-0.999691
-0.999691
-0.999691
-0.999691
-0.999691
-0.999691
-0.999691
-0.999691
-0.999691
-0.999691
-0.999691
-0.999691
-0.999691
-0.999691
-0.999691
-0.999691
-0.999691
-0.999691
-0.999691
-0.999691
-0.999691
-0.999691
-0.999691
-0.999691
-0.999691
-0.999691
-0.999691
-0.999691
-0.999691
-0.999691
-0.999691
-0.999691
-0.999691
-0.999691
-0.999691
-0.999691
-0.999691
-0.999691
-0.999691
-0.999691
-0.999691
-0.999691
-0.999691
-0.999691
-0.999691
-0.999691
-0.999691
-0.999691
-0.999691
-0.999691
-0.999691
-0.999691
-0.999691
-0.999691
-0.999691
-0.999691
-0.999691
-0.999691
-0.999691
-0.999691
-0.999691
-0.999691
-0.999691
-0.999691
-0.999691
-0.999691
-0.999691
-0.999691
-0.999691
-0.999691
-0.999691
-0.999691
-0.999691
-0.999691
-0.999691
-0.999691
-0.999691
-0.999691
-0.999691
-0.999691
-0.999691
-0.999691
-0.999691
-0.999691
-0.999691
-0.999691
-0.999691
-0.999691
-0.999691
-0.999691
-0.999691
-0.999691
-0.999691
-0.999691
-0.999691
-0.999691
-0.999691
-0.999691
-0.999691
-0.999691
-0.999691
-0.999691
-0.999691
-0.999691
-0.999691
-0.999691
-0.999691
-0.999691
-0.999691
-0.999691
-0.999691
-0.999691
-0.999691
-0.999691
-0.999691
-0.999691
-0.999691
-0.999691
-0.999691
-0.999691
-0.999691
-0.999691
-0.999691
-0.999691
-0.999691
-0.999691
-0.999691
-0.999691
-0.999691
-0.999691
-0.999691
-0.999691
-0.999691
-0.999691
-0.999691
-0.999691
-0.999691
-0.999691
-0.999691
-0.999691
-0.999691
-0.999691
-0.999691
-0.999691
-0.999691
-0.999691
-0.999691
-0.999691
-0.999691
-0.999691
-0.999691
-0.999691
-0.999691
-0.999691
-0.999691
-0.999691
-0.999691
-0.999691
-0.999691
-0.999691
-0.999691
-0.999691
-0.999691
-0.999691
-0.999691
-0.999691
-0.999691
-0.999691
-0.999691
-0.999691
-0.999691
-0.999691
-0.999691
-0.999691
-0.999691
-0.999691
-0.999691
-0.999691
-0.999691
-0.999691
-0.999691
-0.999691
-0.999691
-0.999691
-0.999691
-0.999691
-0.999691
-0.999691
-0.999691
-0.999691
-0.999691
-0.999691
-0.999691
-0.999691
-0.999691
-0.999691
-0.999691
-0.999691
-0.999691
-0.999691
-0.999691
-0.999691
-0.999691
-0.999691
-0.999691
-0.999691
-0.999691
-0.999691
-0.999691
-0.999691
-0.999691
-0.999691
-0.999691
-0.999691
-0.999691
-0.999691
-0.999691
-0.999691
-0.999691
-0.999691
-0.999691
-0.999691
-0.999691
-0.999691
-0.999691
-0.999691
-0.999691
-0.999691
-0.999691
-0.999691
-0.999691
-0.999691
-0.999691
-0.999691
-0.999691
-0.999691
-0.999691
-0.999691
-0.999691
-0.999691
-0.999691
-0.999691
-0.999691
-0.999691
-0.999691
-0.999691
-0.999691
-0.999691
-0.999691
-0.999691
-0.999691
-0.999691
-0.999691
-0.999691
-0.999691
-0.999691
-0.999691
-0.999691
-0.999691
-0.999691
-0.999691
-0.999691
-0.999691
-0.999691
-0.999691
-0.999691
-0.999691
-0.999691
-0.999691
-0.999691
-0.999691
-0.999691
-0.999691
-0.999691
-0.999691
-0.999691
-0.999691
-0.999691
-0.999691
-0.999691
-0.999691
-0.999691
-0.999691
-0.999691
-0.999691
-0.999691
-0.999691
-0.999691
-0.999691
-0.999691
-0.999691
-0.999691
-0.999691
-0.999691
-0.999691
-0.999691
-0.999691
-0.999691
-0.999691
-0.999691
-0.999691
-0.999691
-0.999691
-0.999691
-0.999691
-0.999691
-0.999691
-0.999691
-0.999691
-0.999691
-0.999691
-0.999691
-0.999691
-0.999691
-0.999691
-0.999691
-0.999691
-0.999691
-0.999691
-0.999691
-0.999691
-0.999691
-0.999691
-0.999691
-0.999691
-0.999691
-0.999691
-0.999691
-0.999691
-0.999691
-0.999691
-0.999691
-0.999691
-0.999691
-0.999691
-0.999691
-0.999691
-0.999691
-0.999691
-0.999691
-0.999691
-0.999691
-0.999691
-0.999691
-0.999691
-0.999691
-0.999691
-0.999691
-0.999691
-0.999691
-0.999691
-0.999691
-0.999691
-0.999691
-0.999691
-0.999691
-0.999691
-0.999691
-0.999691
-0.999691
-0.999691
-0.999691
-0.999691
-0.999691
-0.999691
-0.999691
-0.999691
-0.999691
-0.999691
-0.999691
-0.999691
-0.999691
-0.999691
-0.999691
-0.999691
-0.999691
-0.999691
-0.999691
-0.999691
-0.999691
-0.999691
-0.999691
-0.999691
-0.999691
-0.999691
-0.999691
-0.999691
-0.999691
-0.999691
-0.999691
-0.999691
-0.999691
-0.999691
-0.999691
-0.999691
-0.999691
-0.999691
-0.999691
-0.999691
-0.999691
-0.999691
-0.999691
-0.999691
-0.999691
-0.999691
-0.999691
-0.999691
-0.999691
-0.999691
-0.999691
-0.999691
-0.999691
-0.999691
-0.999691
-0.999691
-0.999691
-0.999691
-0.999691
-0.999691
-0.999691
-0.999691
-0.999691
-0.999691
-0.999691
-0.999691
-0.999691
-0.999691
-0.999691
-0.999691
-0.999691
-0.999691
-0.999691
-0.999691
-0.999691
-0.999691
-0.999691
-0.999691
-0.999691
-0.999691
-0.999691
-0.999691
-0.999691
-0.999691
-0.999691
-0.999691
-0.999691
-0.999691
-0.999691
-0.999691
-0.999691
-0.999691
-0.999691
-0.999691
-0.999691
-0.999691
-0.999691
-0.999691
-0.999691
-0.999691
-0.999691
-0.999691
-0.999691
-0.999691
-0.999691
-0.999691
-0.999691
-0.999691
-0.999691
-0.999691
-0.999691
-0.999691
-0.999691
-0.999691
-0.999691
-0.999691
