0 0
-5.000000 0.000000
-4.950249 -0.001559
-4.900498 -0.003118
-4.850746 -0.004676
-4.800995 -0.006232
-4.751244 -0.007788
-4.701493 -0.009341
-4.651741 -0.010892
-4.601990 -0.012440
-4.552239 -0.013986
-4.502488 -0.015527
-4.452736 -0.017066
-4.402985 -0.018600
-4.353234 -0.020129
-4.303483 -0.021653
-4.253731 -0.023173
-4.203980 -0.024686
-4.154229 -0.026194
-4.104478 -0.027695
-4.054726 -0.029189
-4.004975 -0.030676
-3.955224 -0.032156
-3.905473 -0.033628
-3.855721 -0.035092
-3.805970 -0.036547
-3.756219 -0.037993
-3.706468 -0.039430
-3.656716 -0.040857
-3.606965 -0.042274
-3.557214 -0.043681
-3.507463 -0.045077
-3.457711 -0.046463
-3.407960 -0.047837
-3.358209 -0.049199
-3.308458 -0.050549
-3.258706 -0.051887
-3.208955 -0.053212
-3.159204 -0.054524
-3.109453 -0.055823
-3.059701 -0.057108
-3.009950 -0.058380
-2.960199 -0.059637
-2.910448 -0.060879
-2.860697 -0.062107
-2.810945 -0.063319
-2.761194 -0.064516
-2.711443 -0.065697
-2.661692 -0.066862
-2.611940 -0.068011
-2.562189 -0.069143
-2.512438 -0.070258
-2.462687 -0.071357
-2.412935 -0.072437
-2.363184 -0.073500
-2.313433 -0.074545
-2.263682 -0.075572
-2.213930 -0.076580
-2.164179 -0.077570
-2.114428 -0.078541
-2.064677 -0.079492
-2.014925 -0.080424
-1.965174 -0.081337
-1.915423 -0.082229
-1.865672 -0.083102
-1.815920 -0.083954
-1.766169 -0.084786
-1.716418 -0.085597
-1.666667 -0.086387
-1.616915 -0.087156
-1.567164 -0.087903
-1.517413 -0.088630
-1.467662 -0.089334
-1.417910 -0.090017
-1.368159 -0.090678
-1.318408 -0.091316
-1.268657 -0.091933
-1.218905 -0.092526
-1.169154 -0.093098
-1.119403 -0.093646
-1.069652 -0.094172
-1.019900 -0.094674
-0.970149 -0.095154
-0.920398 -0.095610
-0.870647 -0.096043
-0.820896 -0.096452
-0.771144 -0.096838
-0.721393 -0.097200
-0.671642 -0.097539
-0.621891 -0.097853
-0.572139 -0.098144
-0.522388 -0.098411
-0.472637 -0.098653
-0.422886 -0.098872
-0.373134 -0.099066
-0.323383 -0.099237
-0.273632 -0.099383
-0.223881 -0.099504
-0.174129 -0.099602
-0.124378 -0.099675
-0.074627 -0.099724
-0.024876 -0.099748
0.024876 -0.099748
0.074627 -0.099724
0.124378 -0.099675
0.174129 -0.099602
0.223881 -0.099504
0.273632 -0.099383
0.323383 -0.099237
0.373134 -0.099066
0.422886 -0.098872
0.472637 -0.098653
0.522388 -0.098411
0.572139 -0.098144
0.621891 -0.097853
0.671642 -0.097539
0.721393 -0.097200
0.771144 -0.096838
0.820896 -0.096452
0.870647 -0.096043
0.920398 -0.095610
0.970149 -0.095154
1.019900 -0.094674
1.069652 -0.094172
1.119403 -0.093646
1.169154 -0.093098
1.218905 -0.092526
1.268657 -0.091933
1.318408 -0.091316
1.368159 -0.090678
1.417910 -0.090017
1.467662 -0.089334
1.517413 -0.088630
1.567164 -0.087903
1.616915 -0.087156
1.666667 -0.086387
1.716418 -0.085597
1.766169 -0.084786
1.815920 -0.083954
1.865672 -0.083102
1.915423 -0.082229
1.965174 -0.081337
2.014925 -0.080424
2.064677 -0.079492
2.114428 -0.078541
2.164179 -0.077570
2.213930 -0.076580
2.263682 -0.075572
2.313433 -0.074545
2.363184 -0.073500
2.412935 -0.072437
2.462687 -0.071357
2.512438 -0.070258
2.562189 -0.069143
2.611940 -0.068011
2.661692 -0.066862
2.711443 -0.065697
2.761194 -0.064516
2.810945 -0.063319
2.860697 -0.062107
2.910448 -0.060879
2.960199 -0.059637
3.009950 -0.058380
3.059701 -0.057108
3.109453 -0.055823
3.159204 -0.054524
3.208955 -0.053212
3.258706 -0.051887
3.308458 -0.050549
3.358209 -0.049199
3.407960 -0.047837
3.457711 -0.046463
3.507463 -0.045077
3.557214 -0.043681
3.606965 -0.042274
3.656716 -0.040857
3.706468 -0.039430
3.756219 -0.037993
3.805970 -0.036547
3.855721 -0.035092
3.905473 -0.033628
3.955224 -0.032156
4.004975 -0.030676
4.054726 -0.029189
4.104478 -0.027695
4.154229 -0.026194
4.203980 -0.024686
4.253731 -0.023173
4.303483 -0.021653
4.353234 -0.020129
4.402985 -0.018600
4.452736 -0.017066
4.502488 -0.015527
4.552239 -0.013986
4.601990 -0.012440
4.651741 -0.010892
4.701493 -0.009341
4.751244 -0.007788
4.800995 -0.006232
4.850746 -0.004676
4.900498 -0.003118
4.950249 -0.001559
5.000000 0.000000
1 1
-5.000000 0.000000
-4.950249 0.003118
-4.900498 0.006232
-4.850746 0.009341
-4.800995 0.012440
-4.751244 0.015527
-4.701493 0.018600
-4.651741 0.021653
-4.601990 0.024686
-4.552239 0.027695
-4.502488 0.030676
-4.452736 0.033628
-4.402985 0.036547
-4.353234 0.039430
-4.303483 0.042274
-4.253731 0.045077
-4.203980 0.047837
-4.154229 0.050549
-4.104478 0.053212
-4.054726 0.055823
-4.004975 0.058380
-3.955224 0.060879
-3.905473 0.063319
-3.855721 0.065697
-3.805970 0.068011
-3.756219 0.070258
-3.706468 0.072437
-3.656716 0.074545
-3.606965 0.076580
-3.557214 0.078541
-3.507463 0.080424
-3.457711 0.082229
-3.407960 0.083954
-3.358209 0.085597
-3.308458 0.087156
-3.258706 0.088630
-3.208955 0.090017
-3.159204 0.091316
-3.109453 0.092526
-3.059701 0.093646
-3.009950 0.094674
-2.960199 0.095610
-2.910448 0.096452
-2.860697 0.097200
-2.810945 0.097853
-2.761194 0.098411
-2.711443 0.098872
-2.661692 0.099237
-2.611940 0.099504
-2.562189 0.099675
-2.512438 0.099748
-2.462687 0.099724
-2.412935 0.099602
-2.363184 0.099383
-2.313433 0.099066
-2.263682 0.098653
-2.213930 0.098144
-2.164179 0.097539
-2.114428 0.096838
-2.064677 0.096043
-2.014925 0.095154
-1.965174 0.094172
-1.915423 0.093098
-1.865672 0.091933
-1.815920 0.090678
-1.766169 0.089334
-1.716418 0.087903
-1.666667 0.086387
-1.616915 0.084786
-1.567164 0.083102
-1.517413 0.081337
-1.467662 0.079492
-1.417910 0.077570
-1.368159 0.075572
-1.318408 0.073500
-1.268657 0.071357
-1.218905 0.069143
-1.169154 0.066862
-1.119403 0.064516
-1.069652 0.062107
-1.019900 0.059637
-0.970149 0.057108
-0.920398 0.054524
-0.870647 0.051887
-0.820896 0.049199
-0.771144 0.046463
-0.721393 0.043681
-0.671642 0.040857
-0.621891 0.037993
-0.572139 0.035092
-0.522388 0.032156
-0.472637 0.029189
-0.422886 0.026194
-0.373134 0.023173
-0.323383 0.020129
-0.273632 0.017066
-0.223881 0.013986
-0.174129 0.010892
-0.124378 0.007788
-0.074627 0.004676
-0.024876 0.001559
0.024876 -0.001559
0.074627 -0.004676
0.124378 -0.007788
0.174129 -0.010892
0.223881 -0.013986
0.273632 -0.017066
0.323383 -0.020129
0.373134 -0.023173
0.422886 -0.026194
0.472637 -0.029189
0.522388 -0.032156
0.572139 -0.035092
0.621891 -0.037993
0.671642 -0.040857
0.721393 -0.043681
0.771144 -0.046463
0.820896 -0.049199
0.870647 -0.051887
0.920398 -0.054524
0.970149 -0.057108
1.019900 -0.059637
1.069652 -0.062107
1.119403 -0.064516
1.169154 -0.066862
1.218905 -0.069143
1.268657 -0.071357
1.318408 -0.073500
1.368159 -0.075572
1.417910 -0.077570
1.467662 -0.079492
1.517413 -0.081337
1.567164 -0.083102
1.616915 -0.084786
1.666667 -0.086387
1.716418 -0.087903
1.766169 -0.089334
1.815920 -0.090678
1.865672 -0.091933
1.915423 -0.093098
1.965174 -0.094172
2.014925 -0.095154
2.064677 -0.096043
2.114428 -0.096838
2.164179 -0.097539
2.213930 -0.098144
2.263682 -0.098653
2.313433 -0.099066
2.363184 -0.099383
2.412935 -0.099602
2.462687 -0.099724
2.512438 -0.099748
2.562189 -0.099675
2.611940 -0.099504
2.661692 -0.099237
2.711443 -0.098872
2.761194 -0.098411
2.810945 -0.097853
2.860697 -0.097200
2.910448 -0.096452
2.960199 -0.095610
3.009950 -0.094674
3.059701 -0.093646
3.109453 -0.092526
3.159204 -0.091316
3.208955 -0.090017
3.258706 -0.088630
3.308458 -0.087156
3.358209 -0.085597
3.407960 -0.083954
3.457711 -0.082229
3.507463 -0.080424
3.557214 -0.078541
3.606965 -0.076580
3.656716 -0.074545
3.706468 -0.072437
3.756219 -0.070258
3.805970 -0.068011
3.855721 -0.065697
3.905473 -0.063319
3.955224 -0.060879
4.004975 -0.058380
4.054726 -0.055823
4.104478 -0.053212
4.154229 -0.050549
4.203980 -0.047837
4.253731 -0.045077
4.303483 -0.042274
4.353234 -0.039430
4.402985 -0.036547
4.452736 -0.033628
4.502488 -0.030676
4.552239 -0.027695
4.601990 -0.024686
4.651741 -0.021653
4.701493 -0.018600
4.751244 -0.015527
4.800995 -0.012440
4.850746 -0.009341
4.900498 -0.006232
4.950249 -0.003118
5.000000 0.000000
2 2
-5.000000 0.000000
-4.950249 0.004676
-4.900498 0.009341
-4.850746 0.013986
-4.800995 0.018600
-4.751244 0.023173
-4.701493 0.027695
-4.651741 0.032156
-4.601990 0.036547
-4.552239 0.040857
-4.502488 0.045077
-4.452736 0.049199
-4.402985 0.053212
-4.353234 0.057108
-4.303483 0.060879
-4.253731 0.064516
-4.203980 0.068011
-4.154229 0.071357
-4.104478 0.074545
-4.054726 0.077570
-4.004975 0.080424
-3.955224 0.083102
-3.905473 0.085597
-3.855721 0.087903
-3.805970 0.090017
-3.756219 0.091933
-3.706468 0.093646
-3.656716 0.095154
-3.606965 0.096452
-3.557214 0.097539
-3.507463 0.098411
-3.457711 0.099066
-3.407960 0.099504
-3.358209 0.099724
-3.308458 0.099724
-3.258706 0.099504
-3.208955 0.099066
-3.159204 0.098411
-3.109453 0.097539
-3.059701 0.096452
-3.009950 0.095154
-2.960199 0.093646
-2.910448 0.091933
-2.860697 0.090017
-2.810945 0.087903
-2.761194 0.085597
-2.711443 0.083102
-2.661692 0.080424
-2.611940 0.077570
-2.562189 0.074545
-2.512438 0.071357
-2.462687 0.068011
-2.412935 0.064516
-2.363184 0.060879
-2.313433 0.057108
-2.263682 0.053212
-2.213930 0.049199
-2.164179 0.045077
-2.114428 0.040857
-2.064677 0.036547
-2.014925 0.032156
-1.965174 0.027695
-1.915423 0.023173
-1.865672 0.018600
-1.815920 0.013986
-1.766169 0.009341
-1.716418 0.004676
-1.666667 0.000000
-1.616915 -0.004676
-1.567164 -0.009341
-1.517413 -0.013986
-1.467662 -0.018600
-1.417910 -0.023173
-1.368159 -0.027695
-1.318408 -0.032156
-1.268657 -0.036547
-1.218905 -0.040857
-1.169154 -0.045077
-1.119403 -0.049199
-1.069652 -0.053212
-1.019900 -0.057108
-0.970149 -0.060879
-0.920398 -0.064516
-0.870647 -0.068011
-0.820896 -0.071357
-0.771144 -0.074545
-0.721393 -0.077570
-0.671642 -0.080424
-0.621891 -0.083102
-0.572139 -0.085597
-0.522388 -0.087903
-0.472637 -0.090017
-0.422886 -0.091933
-0.373134 -0.093646
-0.323383 -0.095154
-0.273632 -0.096452
-0.223881 -0.097539
-0.174129 -0.098411
-0.124378 -0.099066
-0.074627 -0.099504
-0.024876 -0.099724
0.024876 -0.099724
0.074627 -0.099504
0.124378 -0.099066
0.174129 -0.098411
0.223881 -0.097539
0.273632 -0.096452
0.323383 -0.095154
0.373134 -0.093646
0.422886 -0.091933
0.472637 -0.090017
0.522388 -0.087903
0.572139 -0.085597
0.621891 -0.083102
0.671642 -0.080424
0.721393 -0.077570
0.771144 -0.074545
0.820896 -0.071357
0.870647 -0.068011
0.920398 -0.064516
0.970149 -0.060879
1.019900 -0.057108
1.069652 -0.053212
1.119403 -0.049199
1.169154 -0.045077
1.218905 -0.040857
1.268657 -0.036547
1.318408 -0.032156
1.368159 -0.027695
1.417910 -0.023173
1.467662 -0.018600
1.517413 -0.013986
1.567164 -0.009341
1.616915 -0.004676
1.666667 0.000000
1.716418 0.004676
1.766169 0.009341
1.815920 0.013986
1.865672 0.018600
1.915423 0.023173
1.965174 0.027695
2.014925 0.032156
2.064677 0.036547
2.114428 0.040857
2.164179 0.045077
2.213930 0.049199
2.263682 0.053212
2.313433 0.057108
2.363184 0.060879
2.412935 0.064516
2.462687 0.068011
2.512438 0.071357
2.562189 0.074545
2.611940 0.077570
2.661692 0.080424
2.711443 0.083102
2.761194 0.085597
2.810945 0.087903
2.860697 0.090017
2.910448 0.091933
2.960199 0.093646
3.009950 0.095154
3.059701 0.096452
3.109453 0.097539
3.159204 0.098411
3.208955 0.099066
3.258706 0.099504
3.308458 0.099724
3.358209 0.099724
3.407960 0.099504
3.457711 0.099066
3.507463 0.098411
3.557214 0.097539
3.606965 0.096452
3.656716 0.095154
3.706468 0.093646
3.756219 0.091933
3.805970 0.090017
3.855721 0.087903
3.905473 0.085597
3.955224 0.083102
4.004975 0.080424
4.054726 0.077570
4.104478 0.074545
4.154229 0.071357
4.203980 0.068011
4.253731 0.064516
4.303483 0.060879
4.353234 0.057108
4.402985 0.053212
4.452736 0.049199
4.502488 0.045077
4.552239 0.040857
4.601990 0.036547
4.651741 0.032156
4.701493 0.027695
4.751244 0.023173
4.800995 0.018600
4.850746 0.013986
4.900498 0.009341
4.950249 0.004676
5.000000 0.000000
3 3
-5.000000 0.000000
-4.950249 -0.006232
-4.900498 -0.012440
-4.850746 -0.018600
-4.800995 -0.024686
-4.751244 -0.030676
-4.701493 -0.036547
-4.651741 -0.042274
-4.601990 -0.047837
-4.552239 -0.053212
-4.502488 -0.058380
-4.452736 -0.063319
-4.402985 -0.068011
-4.353234 -0.072437
-4.303483 -0.076580
-4.253731 -0.080424
-4.203980 -0.083954
-4.154229 -0.087156
-4.104478 -0.090017
-4.054726 -0.092526
-4.004975 -0.094674
-3.955224 -0.096452
-3.905473 -0.097853
-3.855721 -0.098872
-3.805970 -0.099504
-3.756219 -0.099748
-3.706468 -0.099602
-3.656716 -0.099066
-3.606965 -0.098144
-3.557214 -0.096838
-3.507463 -0.095154
-3.457711 -0.093098
-3.407960 -0.090678
-3.358209 -0.087903
-3.308458 -0.084786
-3.258706 -0.081337
-3.208955 -0.077570
-3.159204 -0.073500
-3.109453 -0.069143
-3.059701 -0.064516
-3.009950 -0.059637
-2.960199 -0.054524
-2.910448 -0.049199
-2.860697 -0.043681
-2.810945 -0.037993
-2.761194 -0.032156
-2.711443 -0.026194
-2.661692 -0.020129
-2.611940 -0.013986
-2.562189 -0.007788
-2.512438 -0.001559
-2.462687 0.004676
-2.412935 0.010892
-2.363184 0.017066
-2.313433 0.023173
-2.263682 0.029189
-2.213930 0.035092
-2.164179 0.040857
-2.114428 0.046463
-2.064677 0.051887
-2.014925 0.057108
-1.965174 0.062107
-1.915423 0.066862
-1.865672 0.071357
-1.815920 0.075572
-1.766169 0.079492
-1.716418 0.083102
-1.666667 0.086387
-1.616915 0.089334
-1.567164 0.091933
-1.517413 0.094172
-1.467662 0.096043
-1.417910 0.097539
-1.368159 0.098653
-1.318408 0.099383
-1.268657 0.099724
-1.218905 0.099675
-1.169154 0.099237
-1.119403 0.098411
-1.069652 0.097200
-1.019900 0.095610
-0.970149 0.093646
-0.920398 0.091316
-0.870647 0.088630
-0.820896 0.085597
-0.771144 0.082229
-0.721393 0.078541
-0.671642 0.074545
-0.621891 0.070258
-0.572139 0.065697
-0.522388 0.060879
-0.472637 0.055823
-0.422886 0.050549
-0.373134 0.045077
-0.323383 0.039430
-0.273632 0.033628
-0.223881 0.027695
-0.174129 0.021653
-0.124378 0.015527
-0.074627 0.009341
-0.024876 0.003118
0.024876 -0.003118
0.074627 -0.009341
0.124378 -0.015527
0.174129 -0.021653
0.223881 -0.027695
0.273632 -0.033628
0.323383 -0.039430
0.373134 -0.045077
0.422886 -0.050549
0.472637 -0.055823
0.522388 -0.060879
0.572139 -0.065697
0.621891 -0.070258
0.671642 -0.074545
0.721393 -0.078541
0.771144 -0.082229
0.820896 -0.085597
0.870647 -0.088630
0.920398 -0.091316
0.970149 -0.093646
1.019900 -0.095610
1.069652 -0.097200
1.119403 -0.098411
1.169154 -0.099237
1.218905 -0.099675
1.268657 -0.099724
1.318408 -0.099383
1.368159 -0.098653
1.417910 -0.097539
1.467662 -0.096043
1.517413 -0.094172
1.567164 -0.091933
1.616915 -0.089334
1.666667 -0.086387
1.716418 -0.083102
1.766169 -0.079492
1.815920 -0.075572
1.865672 -0.071357
1.915423 -0.066862
1.965174 -0.062107
2.014925 -0.057108
2.064677 -0.051887
2.114428 -0.046463
2.164179 -0.040857
2.213930 -0.035092
2.263682 -0.029189
2.313433 -0.023173
2.363184 -0.017066
2.412935 -0.010892
2.462687 -0.004676
2.512438 0.001559
2.562189 0.007788
2.611940 0.013986
2.661692 0.020129
2.711443 0.026194
2.761194 0.032156
2.810945 0.037993
2.860697 0.043681
2.910448 0.049199
2.960199 0.054524
3.009950 0.059637
3.059701 0.064516
3.109453 0.069143
3.159204 0.073500
3.208955 0.077570
3.258706 0.081337
3.308458 0.084786
3.358209 0.087903
3.407960 0.090678
3.457711 0.093098
3.507463 0.095154
3.557214 0.096838
3.606965 0.098144
3.656716 0.099066
3.706468 0.099602
3.756219 0.099748
3.805970 0.099504
3.855721 0.098872
3.905473 0.097853
3.955224 0.096452
4.004975 0.094674
4.054726 0.092526
4.104478 0.090017
4.154229 0.087156
4.203980 0.083954
4.253731 0.080424
4.303483 0.076580
4.353234 0.072437
4.402985 0.068011
4.452736 0.063319
4.502488 0.058380
4.552239 0.053212
4.601990 0.047837
4.651741 0.042274
4.701493 0.036547
4.751244 0.030676
4.800995 0.024686
4.850746 0.018600
4.900498 0.012440
4.950249 0.006232
5.000000 0.000000
4 4
-5.000000 0.000000
-4.950249 0.007788
-4.900498 0.015527
-4.850746 0.023173
-4.800995 0.030676
-4.751244 0.037993
-4.701493 0.045077
-4.651741 0.051887
-4.601990 0.058380
-4.552239 0.064516
-4.502488 0.070258
-4.452736 0.075572
-4.402985 0.080424
-4.353234 0.084786
-4.303483 0.088630
-4.253731 0.091933
-4.203980 0.094674
-4.154229 0.096838
-4.104478 0.098411
-4.054726 0.099383
-4.004975 0.099748
-3.955224 0.099504
-3.905473 0.098653
-3.855721 0.097200
-3.805970 0.095154
-3.756219 0.092526
-3.706468 0.089334
-3.656716 0.085597
-3.606965 0.081337
-3.557214 0.076580
-3.507463 0.071357
-3.457711 0.065697
-3.407960 0.059637
-3.358209 0.053212
-3.308458 0.046463
-3.258706 0.039430
-3.208955 0.032156
-3.159204 0.024686
-3.109453 0.017066
-3.059701 0.009341
-3.009950 0.001559
-2.960199 -0.006232
-2.910448 -0.013986
-2.860697 -0.021653
-2.810945 -0.029189
-2.761194 -0.036547
-2.711443 -0.043681
-2.661692 -0.050549
-2.611940 -0.057108
-2.562189 -0.063319
-2.512438 -0.069143
-2.462687 -0.074545
-2.412935 -0.079492
-2.363184 -0.083954
-2.313433 -0.087903
-2.263682 -0.091316
-2.213930 -0.094172
-2.164179 -0.096452
-2.114428 -0.098144
-2.064677 -0.099237
-2.014925 -0.099724
-1.965174 -0.099602
-1.915423 -0.098872
-1.865672 -0.097539
-1.815920 -0.095610
-1.766169 -0.093098
-1.716418 -0.090017
-1.666667 -0.086387
-1.616915 -0.082229
-1.567164 -0.077570
-1.517413 -0.072437
-1.467662 -0.066862
-1.417910 -0.060879
-1.368159 -0.054524
-1.318408 -0.047837
-1.268657 -0.040857
-1.218905 -0.033628
-1.169154 -0.026194
-1.119403 -0.018600
-1.069652 -0.010892
-1.019900 -0.003118
-0.970149 0.004676
-0.920398 0.012440
-0.870647 0.020129
-0.820896 0.027695
-0.771144 0.035092
-0.721393 0.042274
-0.671642 0.049199
-0.621891 0.055823
-0.572139 0.062107
-0.522388 0.068011
-0.472637 0.073500
-0.422886 0.078541
-0.373134 0.083102
-0.323383 0.087156
-0.273632 0.090678
-0.223881 0.093646
-0.174129 0.096043
-0.124378 0.097853
-0.074627 0.099066
-0.024876 0.099675
0.024876 0.099675
0.074627 0.099066
0.124378 0.097853
0.174129 0.096043
0.223881 0.093646
0.273632 0.090678
0.323383 0.087156
0.373134 0.083102
0.422886 0.078541
0.472637 0.073500
0.522388 0.068011
0.572139 0.062107
0.621891 0.055823
0.671642 0.049199
0.721393 0.042274
0.771144 0.035092
0.820896 0.027695
0.870647 0.020129
0.920398 0.012440
0.970149 0.004676
1.019900 -0.003118
1.069652 -0.010892
1.119403 -0.018600
1.169154 -0.026194
1.218905 -0.033628
1.268657 -0.040857
1.318408 -0.047837
1.368159 -0.054524
1.417910 -0.060879
1.467662 -0.066862
1.517413 -0.072437
1.567164 -0.077570
1.616915 -0.082229
1.666667 -0.086387
1.716418 -0.090017
1.766169 -0.093098
1.815920 -0.095610
1.865672 -0.097539
1.915423 -0.098872
1.965174 -0.099602
2.014925 -0.099724
2.064677 -0.099237
2.114428 -0.098144
2.164179 -0.096452
2.213930 -0.094172
2.263682 -0.091316
2.313433 -0.087903
2.363184 -0.083954
2.412935 -0.079492
2.462687 -0.074545
2.512438 -0.069143
2.562189 -0.063319
2.611940 -0.057108
2.661692 -0.050549
2.711443 -0.043681
2.761194 -0.036547
2.810945 -0.029189
2.860697 -0.021653
2.910448 -0.013986
2.960199 -0.006232
3.009950 0.001559
3.059701 0.009341
3.109453 0.017066
3.159204 0.024686
3.208955 0.032156
3.258706 0.039430
3.308458 0.046463
3.358209 0.053212
3.407960 0.059637
3.457711 0.065697
3.507463 0.071357
3.557214 0.076580
3.606965 0.081337
3.656716 0.085597
3.706468 0.089334
3.756219 0.092526
3.805970 0.095154
3.855721 0.097200
3.905473 0.098653
3.955224 0.099504
4.004975 0.099748
4.054726 0.099383
4.104478 0.098411
4.154229 0.096838
4.203980 0.094674
4.253731 0.091933
4.303483 0.088630
4.353234 0.084786
4.402985 0.080424
4.452736 0.075572
4.502488 0.070258
4.552239 0.064516
4.601990 0.058380
4.651741 0.051887
4.701493 0.045077
4.751244 0.037993
4.800995 0.030676
4.850746 0.023173
4.900498 0.015527
4.950249 0.007788
5.000000 0.000000
5 5
-5.000000 0.000000
-4.950249 0.009341
-4.900498 0.018600
-4.850746 0.027695
-4.800995 0.036547
-4.751244 0.045077
-4.701493 0.053212
-4.651741 0.060879
-4.601990 0.068011
-4.552239 0.074545
-4.502488 0.080424
-4.452736 0.085597
-4.402985 0.090017
-4.353234 0.093646
-4.303483 0.096452
-4.253731 0.098411
-4.203980 0.099504
-4.154229 0.099724
-4.104478 0.099066
-4.054726 0.097539
-4.004975 0.095154
-3.955224 0.091933
-3.905473 0.087903
-3.855721 0.083102
-3.805970 0.077570
-3.756219 0.071357
-3.706468 0.064516
-3.656716 0.057108
-3.606965 0.049199
-3.557214 0.040857
-3.507463 0.032156
-3.457711 0.023173
-3.407960 0.013986
-3.358209 0.004676
-3.308458 -0.004676
-3.258706 -0.013986
-3.208955 -0.023173
-3.159204 -0.032156
-3.109453 -0.040857
-3.059701 -0.049199
-3.009950 -0.057108
-2.960199 -0.064516
-2.910448 -0.071357
-2.860697 -0.077570
-2.810945 -0.083102
-2.761194 -0.087903
-2.711443 -0.091933
-2.661692 -0.095154
-2.611940 -0.097539
-2.562189 -0.099066
-2.512438 -0.099724
-2.462687 -0.099504
-2.412935 -0.098411
-2.363184 -0.096452
-2.313433 -0.093646
-2.263682 -0.090017
-2.213930 -0.085597
-2.164179 -0.080424
-2.114428 -0.074545
-2.064677 -0.068011
-2.014925 -0.060879
-1.965174 -0.053212
-1.915423 -0.045077
-1.865672 -0.036547
-1.815920 -0.027695
-1.766169 -0.018600
-1.716418 -0.009341
-1.666667 -0.000000
-1.616915 0.009341
-1.567164 0.018600
-1.517413 0.027695
-1.467662 0.036547
-1.417910 0.045077
-1.368159 0.053212
-1.318408 0.060879
-1.268657 0.068011
-1.218905 0.074545
-1.169154 0.080424
-1.119403 0.085597
-1.069652 0.090017
-1.019900 0.093646
-0.970149 0.096452
-0.920398 0.098411
-0.870647 0.099504
-0.820896 0.099724
-0.771144 0.099066
-0.721393 0.097539
-0.671642 0.095154
-0.621891 0.091933
-0.572139 0.087903
-0.522388 0.083102
-0.472637 0.077570
-0.422886 0.071357
-0.373134 0.064516
-0.323383 0.057108
-0.273632 0.049199
-0.223881 0.040857
-0.174129 0.032156
-0.124378 0.023173
-0.074627 0.013986
-0.024876 0.004676
0.024876 -0.004676
0.074627 -0.013986
0.124378 -0.023173
0.174129 -0.032156
0.223881 -0.040857
0.273632 -0.049199
0.323383 -0.057108
0.373134 -0.064516
0.422886 -0.071357
0.472637 -0.077570
0.522388 -0.083102
0.572139 -0.087903
0.621891 -0.091933
0.671642 -0.095154
0.721393 -0.097539
0.771144 -0.099066
0.820896 -0.099724
0.870647 -0.099504
0.920398 -0.098411
0.970149 -0.096452
1.019900 -0.093646
1.069652 -0.090017
1.119403 -0.085597
1.169154 -0.080424
1.218905 -0.074545
1.268657 -0.068011
1.318408 -0.060879
1.368159 -0.053212
1.417910 -0.045077
1.467662 -0.036547
1.517413 -0.027695
1.567164 -0.018600
1.616915 -0.009341
1.666667 -0.000000
1.716418 0.009341
1.766169 0.018600
1.815920 0.027695
1.865672 0.036547
1.915423 0.045077
1.965174 0.053212
2.014925 0.060879
2.064677 0.068011
2.114428 0.074545
2.164179 0.080424
2.213930 0.085597
2.263682 0.090017
2.313433 0.093646
2.363184 0.096452
2.412935 0.098411
2.462687 0.099504
2.512438 0.099724
2.562189 0.099066
2.611940 0.097539
2.661692 0.095154
2.711443 0.091933
2.761194 0.087903
2.810945 0.083102
2.860697 0.077570
2.910448 0.071357
2.960199 0.064516
3.009950 0.057108
3.059701 0.049199
3.109453 0.040857
3.159204 0.032156
3.208955 0.023173
3.258706 0.013986
3.308458 0.004676
3.358209 -0.004676
3.407960 -0.013986
3.457711 -0.023173
3.507463 -0.032156
3.557214 -0.040857
3.606965 -0.049199
3.656716 -0.057108
3.706468 -0.064516
3.756219 -0.071357
3.805970 -0.077570
3.855721 -0.083102
3.905473 -0.087903
3.955224 -0.091933
4.004975 -0.095154
4.054726 -0.097539
4.104478 -0.099066
4.154229 -0.099724
4.203980 -0.099504
4.253731 -0.098411
4.303483 -0.096452
4.353234 -0.093646
4.402985 -0.090017
4.452736 -0.085597
4.502488 -0.080424
4.552239 -0.074545
4.601990 -0.068011
4.651741 -0.060879
4.701493 -0.053212
4.751244 -0.045077
4.800995 -0.036547
4.850746 -0.027695
4.900498 -0.018600
4.950249 -0.009341
5.000000 0.000000
