0 0
-5.000000 0.000000
-4.950249 0.002386
-4.900498 0.004768
-4.850746 0.007142
-4.800995 0.009506
-4.751244 0.011857
-4.701493 0.014189
-4.651741 0.016502
-4.601990 0.018793
-4.552239 0.021058
-4.502488 0.023295
-4.452736 0.025502
-4.402985 0.027676
-4.353234 0.029817
-4.303483 0.031921
-4.253731 0.033988
-4.203980 0.036016
-4.154229 0.038003
-4.104478 0.039948
-4.054726 0.041851
-4.004975 0.043709
-3.955224 0.045523
-3.905473 0.047291
-3.855721 0.049014
-3.805970 0.050690
-3.756219 0.052319
-3.706468 0.053901
-3.656716 0.055436
-3.606965 0.056924
-3.557214 0.058365
-3.507463 0.059758
-3.457711 0.061105
-3.407960 0.062405
-3.358209 0.063659
-3.308458 0.064867
-3.258706 0.066030
-3.208955 0.067148
-3.159204 0.068222
-3.109453 0.069252
-3.059701 0.070240
-3.009950 0.071187
-2.960199 0.072091
-2.910448 0.072956
-2.860697 0.073781
-2.810945 0.074568
-2.761194 0.075318
-2.711443 0.076030
-2.661692 0.076707
-2.611940 0.077350
-2.562189 0.077958
-2.512438 0.078534
-2.462687 0.079079
-2.412935 0.079593
-2.363184 0.080077
-2.313433 0.080533
-2.263682 0.080961
-2.213930 0.081363
-2.164179 0.081740
-2.114428 0.082092
-2.064677 0.082421
-2.014925 0.082727
-1.965174 0.083012
-1.915423 0.083276
-1.865672 0.083521
-1.815920 0.083748
-1.766169 0.083956
-1.716418 0.084148
-1.666667 0.084325
-1.616915 0.084486
-1.567164 0.084633
-1.517413 0.084767
-1.467662 0.084889
-1.417910 0.084999
-1.368159 0.085098
-1.318408 0.085187
-1.268657 0.085266
-1.218905 0.085336
-1.169154 0.085399
-1.119403 0.085454
-1.069652 0.085502
-1.019900 0.085544
-0.970149 0.085580
-0.920398 0.085612
-0.870647 0.085638
-0.820896 0.085660
-0.771144 0.085679
-0.721393 0.085695
-0.671642 0.085707
-0.621891 0.085717
-0.572139 0.085725
-0.522388 0.085731
-0.472637 0.085736
-0.422886 0.085739
-0.373134 0.085742
-0.323383 0.085743
-0.273632 0.085744
-0.223881 0.085745
-0.174129 0.085745
-0.124378 0.085745
-0.074627 0.085746
-0.024876 0.085746
0.024876 0.085746
0.074627 0.085746
0.124378 0.085745
0.174129 0.085745
0.223881 0.085745
0.273632 0.085744
0.323383 0.085743
0.373134 0.085742
0.422886 0.085739
0.472637 0.085736
0.522388 0.085731
0.572139 0.085725
0.621891 0.085717
0.671642 0.085707
0.721393 0.085695
0.771144 0.085679
0.820896 0.085660
0.870647 0.085638
0.920398 0.085612
0.970149 0.085580
1.019900 0.085544
1.069652 0.085502
1.119403 0.085454
1.169154 0.085399
1.218905 0.085336
1.268657 0.085266
1.318408 0.085187
1.368159 0.085098
1.417910 0.084999
1.467662 0.084889
1.517413 0.084767
1.567164 0.084633
1.616915 0.084486
1.666667 0.084325
1.716418 0.084148
1.766169 0.083956
1.815920 0.083748
1.865672 0.083521
1.915423 0.083276
1.965174 0.083012
2.014925 0.082727
2.064677 0.082421
2.114428 0.082092
2.164179 0.081740
2.213930 0.081363
2.263682 0.080961
2.313433 0.080533
2.363184 0.080077
2.412935 0.079593
2.462687 0.079079
2.512438 0.078534
2.562189 0.077958
2.611940 0.077350
2.661692 0.076707
2.711443 0.076030
2.761194 0.075318
2.810945 0.074568
2.860697 0.073781
2.910448 0.072956
2.960199 0.072091
3.009950 0.071187
3.059701 0.070240
3.109453 0.069252
3.159204 0.068222
3.208955 0.067148
3.258706 0.066030
3.308458 0.064867
3.358209 0.063659
3.407960 0.062405
3.457711 0.061105
3.507463 0.059758
3.557214 0.058365
3.606965 0.056924
3.656716 0.055436
3.706468 0.053901
3.756219 0.052319
3.805970 0.050690
3.855721 0.049014
3.905473 0.047291
3.955224 0.045523
4.004975 0.043709
4.054726 0.041851
4.104478 0.039948
4.154229 0.038003
4.203980 0.036016
4.253731 0.033988
4.303483 0.031921
4.353234 0.029817
4.402985 0.027676
4.452736 0.025502
4.502488 0.023295
4.552239 0.021058
4.601990 0.018793
4.651741 0.016502
4.701493 0.014189
4.751244 0.011857
4.800995 0.009506
4.850746 0.007142
4.900498 0.004768
4.950249 0.002386
5.000000 0.000000
1 1
-5.000000 0.000000
-4.950249 -0.004660
-4.900498 -0.009306
-4.850746 -0.013924
-4.800995 -0.018503
-4.751244 -0.023029
-4.701493 -0.027491
-4.651741 -0.031879
-4.601990 -0.036183
-4.552239 -0.040393
-4.502488 -0.044500
-4.452736 -0.048497
-4.402985 -0.052376
-4.353234 -0.056130
-4.303483 -0.059755
-4.253731 -0.063244
-4.203980 -0.066592
-4.154229 -0.069797
-4.104478 -0.072854
-4.054726 -0.075760
-4.004975 -0.078515
-3.955224 -0.081114
-3.905473 -0.083559
-3.855721 -0.085847
-3.805970 -0.087979
-3.756219 -0.089955
-3.706468 -0.091776
-3.656716 -0.093442
-3.606965 -0.094955
-3.557214 -0.096317
-3.507463 -0.097529
-3.457711 -0.098595
-3.407960 -0.099516
-3.358209 -0.100296
-3.308458 -0.100937
-3.258706 -0.101442
-3.208955 -0.101816
-3.159204 -0.102062
-3.109453 -0.102182
-3.059701 -0.102182
-3.009950 -0.102064
-2.960199 -0.101833
-2.910448 -0.101493
-2.860697 -0.101048
-2.810945 -0.100501
-2.761194 -0.099857
-2.711443 -0.099120
-2.661692 -0.098293
-2.611940 -0.097381
-2.562189 -0.096388
-2.512438 -0.095317
-2.462687 -0.094173
-2.412935 -0.092958
-2.363184 -0.091677
-2.313433 -0.090334
-2.263682 -0.088931
-2.213930 -0.087473
-2.164179 -0.085962
-2.114428 -0.084401
-2.064677 -0.082795
-2.014925 -0.081145
-1.965174 -0.079455
-1.915423 -0.077727
-1.865672 -0.075964
-1.815920 -0.074169
-1.766169 -0.072344
-1.716418 -0.070491
-1.666667 -0.068612
-1.616915 -0.066711
-1.567164 -0.064788
-1.517413 -0.062845
-1.467662 -0.060885
-1.417910 -0.058909
-1.368159 -0.056918
-1.318408 -0.054914
-1.268657 -0.052898
-1.218905 -0.050872
-1.169154 -0.048837
-1.119403 -0.046793
-1.069652 -0.044743
-1.019900 -0.042686
-0.970149 -0.040623
-0.920398 -0.038556
-0.870647 -0.036485
-0.820896 -0.034410
-0.771144 -0.032333
-0.721393 -0.030253
-0.671642 -0.028171
-0.621891 -0.026088
-0.572139 -0.024004
-0.522388 -0.021918
-0.472637 -0.019832
-0.422886 -0.017745
-0.373134 -0.015658
-0.323383 -0.013571
-0.273632 -0.011483
-0.223881 -0.009395
-0.174129 -0.007307
-0.124378 -0.005220
-0.074627 -0.003132
-0.024876 -0.001044
0.024876 0.001044
0.074627 0.003132
0.124378 0.005220
0.174129 0.007307
0.223881 0.009395
0.273632 0.011483
0.323383 0.013571
0.373134 0.015658
0.422886 0.017745
0.472637 0.019832
0.522388 0.021918
0.572139 0.024004
0.621891 0.026088
0.671642 0.028171
0.721393 0.030253
0.771144 0.032333
0.820896 0.034410
0.870647 0.036485
0.920398 0.038556
0.970149 0.040623
1.019900 0.042686
1.069652 0.044743
1.119403 0.046793
1.169154 0.048837
1.218905 0.050872
1.268657 0.052898
1.318408 0.054914
1.368159 0.056918
1.417910 0.058909
1.467662 0.060885
1.517413 0.062845
1.567164 0.064788
1.616915 0.066711
1.666667 0.068612
1.716418 0.070491
1.766169 0.072344
1.815920 0.074169
1.865672 0.075964
1.915423 0.077727
1.965174 0.079455
2.014925 0.081145
2.064677 0.082795
2.114428 0.084401
2.164179 0.085962
2.213930 0.087473
2.263682 0.088931
2.313433 0.090334
2.363184 0.091677
2.412935 0.092958
2.462687 0.094173
2.512438 0.095317
2.562189 0.096388
2.611940 0.097381
2.661692 0.098293
2.711443 0.099120
2.761194 0.099857
2.810945 0.100501
2.860697 0.101048
2.910448 0.101493
2.960199 0.101833
3.009950 0.102064
3.059701 0.102182
3.109453 0.102182
3.159204 0.102062
3.208955 0.101816
3.258706 0.101442
3.308458 0.100937
3.358209 0.100296
3.407960 0.099516
3.457711 0.098595
3.507463 0.097529
3.557214 0.096317
3.606965 0.094955
3.656716 0.093442
3.706468 0.091776
3.756219 0.089955
3.805970 0.087979
3.855721 0.085847
3.905473 0.083559
3.955224 0.081114
4.004975 0.078515
4.054726 0.075760
4.104478 0.072854
4.154229 0.069797
4.203980 0.066592
4.253731 0.063244
4.303483 0.059755
4.353234 0.056130
4.402985 0.052376
4.452736 0.048497
4.502488 0.044500
4.552239 0.040393
4.601990 0.036183
4.651741 0.031879
4.701493 0.027491
4.751244 0.023029
4.800995 0.018503
4.850746 0.013924
4.900498 0.009306
4.950249 0.004660
5.000000 0.000000
2 2
-5.000000 0.000000
-4.950249 -0.005616
-4.900498 -0.011175
-4.850746 -0.016622
-4.800995 -0.021906
-4.751244 -0.026982
-4.701493 -0.031804
-4.651741 -0.036334
-4.601990 -0.040537
-4.552239 -0.044384
-4.502488 -0.047849
-4.452736 -0.050911
-4.402985 -0.053553
-4.353234 -0.055765
-4.303483 -0.057537
-4.253731 -0.058867
-4.203980 -0.059754
-4.154229 -0.060203
-4.104478 -0.060220
-4.054726 -0.059816
-4.004975 -0.059003
-3.955224 -0.057797
-3.905473 -0.056216
-3.855721 -0.054278
-3.805970 -0.052005
-3.756219 -0.049420
-3.706468 -0.046544
-3.656716 -0.043403
-3.606965 -0.040021
-3.557214 -0.036423
-3.507463 -0.032633
-3.457711 -0.028676
-3.407960 -0.024577
-3.358209 -0.020360
-3.308458 -0.016047
-3.258706 -0.011661
-3.208955 -0.007223
-3.159204 -0.002755
-3.109453 0.001725
-3.059701 0.006198
-3.009950 0.010646
-2.960199 0.015055
-2.910448 0.019409
-2.860697 0.023694
-2.810945 0.027899
-2.761194 0.032012
-2.711443 0.036024
-2.661692 0.039926
-2.611940 0.043711
-2.562189 0.047371
-2.512438 0.050903
-2.462687 0.054300
-2.412935 0.057561
-2.363184 0.060683
-2.313433 0.063664
-2.263682 0.066503
-2.213930 0.069201
-2.164179 0.071758
-2.114428 0.074175
-2.064677 0.076454
-2.014925 0.078598
-1.965174 0.080609
-1.915423 0.082491
-1.865672 0.084247
-1.815920 0.085882
-1.766169 0.087398
-1.716418 0.088801
-1.666667 0.090096
-1.616915 0.091286
-1.567164 0.092378
-1.517413 0.093374
-1.467662 0.094282
-1.417910 0.095105
-1.368159 0.095849
-1.318408 0.096517
-1.268657 0.097117
-1.218905 0.097651
-1.169154 0.098125
-1.119403 0.098543
-1.069652 0.098909
-1.019900 0.099229
-0.970149 0.099505
-0.920398 0.099743
-0.870647 0.099945
-0.820896 0.100116
-0.771144 0.100258
-0.721393 0.100376
-0.671642 0.100472
-0.621891 0.100549
-0.572139 0.100610
-0.522388 0.100657
-0.472637 0.100692
-0.422886 0.100718
-0.373134 0.100737
-0.323383 0.100749
-0.273632 0.100757
-0.223881 0.100762
-0.174129 0.100765
-0.124378 0.100766
-0.074627 0.100766
-0.024876 0.100766
0.024876 0.100766
0.074627 0.100766
0.124378 0.100766
0.174129 0.100765
0.223881 0.100762
0.273632 0.100757
0.323383 0.100749
0.373134 0.100737
0.422886 0.100718
0.472637 0.100692
0.522388 0.100657
0.572139 0.100610
0.621891 0.100549
0.671642 0.100472
0.721393 0.100376
0.771144 0.100258
0.820896 0.100116
0.870647 0.099945
0.920398 0.099743
0.970149 0.099505
1.019900 0.099229
1.069652 0.098909
1.119403 0.098543
1.169154 0.098125
1.218905 0.097651
1.268657 0.097117
1.318408 0.096517
1.368159 0.095849
1.417910 0.095105
1.467662 0.094282
1.517413 0.093374
1.567164 0.092378
1.616915 0.091286
1.666667 0.090096
1.716418 0.088801
1.766169 0.087398
1.815920 0.085882
1.865672 0.084247
1.915423 0.082491
1.965174 0.080609
2.014925 0.078598
2.064677 0.076454
2.114428 0.074175
2.164179 0.071758
2.213930 0.069201
2.263682 0.066503
2.313433 0.063664
2.363184 0.060683
2.412935 0.057561
2.462687 0.054300
2.512438 0.050903
2.562189 0.047371
2.611940 0.043711
2.661692 0.039926
2.711443 0.036024
2.761194 0.032012
2.810945 0.027899
2.860697 0.023694
2.910448 0.019409
2.960199 0.015055
3.009950 0.010646
3.059701 0.006198
3.109453 0.001725
3.159204 -0.002755
3.208955 -0.007223
3.258706 -0.011661
3.308458 -0.016047
3.358209 -0.020360
3.407960 -0.024577
3.457711 -0.028676
3.507463 -0.032633
3.557214 -0.036423
3.606965 -0.040021
3.656716 -0.043403
3.706468 -0.046544
3.756219 -0.049420
3.805970 -0.052005
3.855721 -0.054278
3.905473 -0.056216
3.955224 -0.057797
4.004975 -0.059003
4.054726 -0.059816
4.104478 -0.060220
4.154229 -0.060203
4.203980 -0.059754
4.253731 -0.058867
4.303483 -0.057537
4.353234 -0.055765
4.402985 -0.053553
4.452736 -0.050911
4.502488 -0.047849
4.552239 -0.044384
4.601990 -0.040537
4.651741 -0.036334
4.701493 -0.031804
4.751244 -0.026982
4.800995 -0.021906
4.850746 -0.016622
4.900498 -0.011175
4.950249 -0.005616
5.000000 0.000000
3 3
-5.000000 0.000000
-4.950249 0.008782
-4.900498 0.017445
-4.850746 0.025877
-4.800995 0.033973
-4.751244 0.041637
-4.701493 0.048781
-4.651741 0.055330
-4.601990 0.061219
-4.552239 0.066391
-4.502488 0.070803
-4.452736 0.074424
-4.402985 0.077229
-4.353234 0.079208
-4.303483 0.080357
-4.253731 0.080686
-4.203980 0.080208
-4.154229 0.078947
-4.104478 0.076934
-4.054726 0.074206
-4.004975 0.070804
-3.955224 0.066774
-3.905473 0.062168
-3.855721 0.057039
-3.805970 0.051441
-3.756219 0.045432
-3.706468 0.039068
-3.656716 0.032409
-3.606965 0.025510
-3.557214 0.018428
-3.507463 0.011217
-3.457711 0.003930
-3.407960 -0.003383
-3.358209 -0.010674
-3.308458 -0.017899
-3.258706 -0.025016
-3.208955 -0.031986
-3.159204 -0.038774
-3.109453 -0.045348
-3.059701 -0.051681
-3.009950 -0.057746
-2.960199 -0.063522
-2.910448 -0.068991
-2.860697 -0.074137
-2.810945 -0.078948
-2.761194 -0.083414
-2.711443 -0.087530
-2.661692 -0.091290
-2.611940 -0.094692
-2.562189 -0.097738
-2.512438 -0.100430
-2.462687 -0.102772
-2.412935 -0.104769
-2.363184 -0.106429
-2.313433 -0.107761
-2.263682 -0.108775
-2.213930 -0.109480
-2.164179 -0.109890
-2.114428 -0.110014
-2.064677 -0.109868
-2.014925 -0.109462
-1.965174 -0.108811
-1.915423 -0.107928
-1.865672 -0.106826
-1.815920 -0.105519
-1.766169 -0.104020
-1.716418 -0.102341
-1.666667 -0.100495
-1.616915 -0.098496
-1.567164 -0.096354
-1.517413 -0.094081
-1.467662 -0.091689
-1.417910 -0.089187
-1.368159 -0.086586
-1.318408 -0.083896
-1.268657 -0.081125
-1.218905 -0.078282
-1.169154 -0.075374
-1.119403 -0.072410
-1.069652 -0.069395
-1.019900 -0.066337
-0.970149 -0.063240
-0.920398 -0.060110
-0.870647 -0.056952
-0.820896 -0.053771
-0.771144 -0.050569
-0.721393 -0.047350
-0.671642 -0.044118
-0.621891 -0.040875
-0.572139 -0.037623
-0.522388 -0.034364
-0.472637 -0.031100
-0.422886 -0.027831
-0.373134 -0.024561
-0.323383 -0.021288
-0.273632 -0.018014
-0.223881 -0.014739
-0.174129 -0.011464
-0.124378 -0.008189
-0.074627 -0.004913
-0.024876 -0.001638
0.024876 0.001638
0.074627 0.004913
0.124378 0.008189
0.174129 0.011464
0.223881 0.014739
0.273632 0.018014
0.323383 0.021288
0.373134 0.024561
0.422886 0.027831
0.472637 0.031100
0.522388 0.034364
0.572139 0.037623
0.621891 0.040875
0.671642 0.044118
0.721393 0.047350
0.771144 0.050569
0.820896 0.053771
0.870647 0.056952
0.920398 0.060110
0.970149 0.063240
1.019900 0.066337
1.069652 0.069395
1.119403 0.072410
1.169154 0.075374
1.218905 0.078282
1.268657 0.081125
1.318408 0.083896
1.368159 0.086586
1.417910 0.089187
1.467662 0.091689
1.517413 0.094081
1.567164 0.096354
1.616915 0.098496
1.666667 0.100495
1.716418 0.102341
1.766169 0.104020
1.815920 0.105519
1.865672 0.106826
1.915423 0.107928
1.965174 0.108811
2.014925 0.109462
2.064677 0.109868
2.114428 0.110014
2.164179 0.109890
2.213930 0.109480
2.263682 0.108775
2.313433 0.107761
2.363184 0.106429
2.412935 0.104769
2.462687 0.102772
2.512438 0.100430
2.562189 0.097738
2.611940 0.094692
2.661692 0.091290
2.711443 0.087530
2.761194 0.083414
2.810945 0.078948
2.860697 0.074137
2.910448 0.068991
2.960199 0.063522
3.009950 0.057746
3.059701 0.051681
3.109453 0.045348
3.159204 0.038774
3.208955 0.031986
3.258706 0.025016
3.308458 0.017899
3.358209 0.010674
3.407960 0.003383
3.457711 -0.003930
3.507463 -0.011217
3.557214 -0.018428
3.606965 -0.025510
3.656716 -0.032409
3.706468 -0.039068
3.756219 -0.045432
3.805970 -0.051441
3.855721 -0.057039
3.905473 -0.062168
3.955224 -0.066774
4.004975 -0.070804
4.054726 -0.074206
4.104478 -0.076934
4.154229 -0.078947
4.203980 -0.080208
4.253731 -0.080686
4.303483 -0.080357
4.353234 -0.079208
4.402985 -0.077229
4.452736 -0.074424
4.502488 -0.070803
4.552239 -0.066391
4.601990 -0.061219
4.651741 -0.055330
4.701493 -0.048781
4.751244 -0.041637
4.800995 -0.033973
4.850746 -0.025877
4.900498 -0.017445
4.950249 -0.008782
5.000000 0.000000
4 4
-5.000000 0.000000
-4.950249 -0.008722
-4.900498 -0.017213
-4.850746 -0.025258
-4.800995 -0.032663
-4.751244 -0.039256
-4.701493 -0.044893
-4.651741 -0.049459
-4.601990 -0.052872
-4.552239 -0.055077
-4.502488 -0.056051
-4.452736 -0.055800
-4.402985 -0.054355
-4.353234 -0.051774
-4.303483 -0.048135
-4.253731 -0.043535
-4.203980 -0.038085
-4.154229 -0.031909
-4.104478 -0.025139
-4.054726 -0.017913
-4.004975 -0.010369
-3.955224 -0.002645
-3.905473 0.005123
-3.855721 0.012807
-3.805970 0.020285
-3.756219 0.027447
-3.706468 0.034191
-3.656716 0.040428
-3.606965 0.046083
-3.557214 0.051090
-3.507463 0.055401
-3.457711 0.058976
-3.407960 0.061791
-3.358209 0.063832
-3.308458 0.065096
-3.258706 0.065592
-3.208955 0.065337
-3.159204 0.064356
-3.109453 0.062682
-3.059701 0.060354
-3.009950 0.057417
-2.960199 0.053919
-2.910448 0.049912
-2.860697 0.045448
-2.810945 0.040583
-2.761194 0.035372
-2.711443 0.029871
-2.661692 0.024132
-2.611940 0.018209
-2.562189 0.012152
-2.512438 0.006009
-2.462687 -0.000175
-2.412935 -0.006358
-2.363184 -0.012501
-2.313433 -0.018568
-2.263682 -0.024529
-2.213930 -0.030353
-2.164179 -0.036018
-2.114428 -0.041500
-2.064677 -0.046782
-2.014925 -0.051849
-1.965174 -0.056689
-1.915423 -0.061292
-1.865672 -0.065653
-1.815920 -0.069767
-1.766169 -0.073633
-1.716418 -0.077252
-1.666667 -0.080624
-1.616915 -0.083755
-1.567164 -0.086649
-1.517413 -0.089314
-1.467662 -0.091757
-1.417910 -0.093986
-1.368159 -0.096012
-1.318408 -0.097843
-1.268657 -0.099491
-1.218905 -0.100965
-1.169154 -0.102278
-1.119403 -0.103440
-1.069652 -0.104461
-1.019900 -0.105354
-0.970149 -0.106128
-0.920398 -0.106794
-0.870647 -0.107362
-0.820896 -0.107842
-0.771144 -0.108244
-0.721393 -0.108575
-0.671642 -0.108846
-0.621891 -0.109063
-0.572139 -0.109235
-0.522388 -0.109367
-0.472637 -0.109468
-0.422886 -0.109541
-0.373134 -0.109593
-0.323383 -0.109629
-0.273632 -0.109651
-0.223881 -0.109665
-0.174129 -0.109672
-0.124378 -0.109676
-0.074627 -0.109677
-0.024876 -0.109677
0.024876 -0.109677
0.074627 -0.109677
0.124378 -0.109676
0.174129 -0.109672
0.223881 -0.109665
0.273632 -0.109651
0.323383 -0.109629
0.373134 -0.109593
0.422886 -0.109541
0.472637 -0.109468
0.522388 -0.109367
0.572139 -0.109235
0.621891 -0.109063
0.671642 -0.108846
0.721393 -0.108575
0.771144 -0.108244
0.820896 -0.107842
0.870647 -0.107362
0.920398 -0.106794
0.970149 -0.106128
1.019900 -0.105354
1.069652 -0.104461
1.119403 -0.103440
1.169154 -0.102278
1.218905 -0.100965
1.268657 -0.099491
1.318408 -0.097843
1.368159 -0.096012
1.417910 -0.093986
1.467662 -0.091757
1.517413 -0.089314
1.567164 -0.086649
1.616915 -0.083755
1.666667 -0.080624
1.716418 -0.077252
1.766169 -0.073633
1.815920 -0.069767
1.865672 -0.065653
1.915423 -0.061292
1.965174 -0.056689
2.014925 -0.051849
2.064677 -0.046782
2.114428 -0.041500
2.164179 -0.036018
2.213930 -0.030353
2.263682 -0.024529
2.313433 -0.018568
2.363184 -0.012501
2.412935 -0.006358
2.462687 -0.000175
2.512438 0.006009
2.562189 0.012152
2.611940 0.018209
2.661692 0.024132
2.711443 0.029871
2.761194 0.035372
2.810945 0.040583
2.860697 0.045448
2.910448 0.049912
2.960199 0.053919
3.009950 0.057417
3.059701 0.060354
3.109453 0.062682
3.159204 0.064356
3.208955 0.065337
3.258706 0.065592
3.308458 0.065096
3.358209 0.063832
3.407960 0.061791
3.457711 0.058976
3.507463 0.055401
3.557214 0.051090
3.606965 0.046083
3.656716 0.040428
3.706468 0.034191
3.756219 0.027447
3.805970 0.020285
3.855721 0.012807
3.905473 0.005123
3.955224 -0.002645
4.004975 -0.010369
4.054726 -0.017913
4.104478 -0.025139
4.154229 -0.031909
4.203980 -0.038085
4.253731 -0.043535
4.303483 -0.048135
4.353234 -0.051774
4.402985 -0.054355
4.452736 -0.055800
4.502488 -0.056051
4.552239 -0.055077
4.601990 -0.052872
4.651741 -0.049459
4.701493 -0.044893
4.751244 -0.039256
4.800995 -0.032663
4.850746 -0.025258
4.900498 -0.017213
4.950249 -0.008722
5.000000 0.000000
5 5
-5.000000 0.000000
-4.950249 0.012683
-4.900498 0.024964
-4.850746 0.036469
-4.800995 0.046865
-4.751244 0.055864
-4.701493 0.063233
-4.651741 0.068793
-4.601990 0.072429
-4.552239 0.074082
-4.502488 0.073749
-4.452736 0.071482
-4.402985 0.067383
-4.353234 0.061595
-4.303483 0.054297
-4.253731 0.045699
-4.203980 0.036031
-4.154229 0.025540
-4.104478 0.014479
-4.054726 0.003103
-4.004975 -0.008340
-3.955224 -0.019609
-3.905473 -0.030482
-3.855721 -0.040754
-3.805970 -0.050242
-3.756219 -0.058788
-3.706468 -0.066262
-3.656716 -0.072559
-3.606965 -0.077601
-3.557214 -0.081338
-3.507463 -0.083743
-3.457711 -0.084816
-3.407960 -0.084578
-3.358209 -0.083069
-3.308458 -0.080349
-3.258706 -0.076491
-3.208955 -0.071582
-3.159204 -0.065721
-3.109453 -0.059011
-3.059701 -0.051563
-3.009950 -0.043490
-2.960199 -0.034909
-2.910448 -0.025931
-2.860697 -0.016669
-2.810945 -0.007231
-2.761194 0.002281
-2.711443 0.011770
-2.661692 0.021147
-2.611940 0.030331
-2.562189 0.039247
-2.512438 0.047830
-2.462687 0.056022
-2.412935 0.063775
-2.363184 0.071048
-2.313433 0.077807
-2.263682 0.084027
-2.213930 0.089691
-2.164179 0.094786
-2.114428 0.099306
-2.064677 0.103252
-2.014925 0.106629
-1.965174 0.109445
-1.915423 0.111715
-1.865672 0.113454
-1.815920 0.114683
-1.766169 0.115422
-1.716418 0.115695
-1.666667 0.115527
-1.616915 0.114943
-1.567164 0.113971
-1.517413 0.112637
-1.467662 0.110966
-1.417910 0.108987
-1.368159 0.106723
-1.318408 0.104202
-1.268657 0.101445
-1.218905 0.098477
-1.169154 0.095320
-1.119403 0.091993
-1.069652 0.088518
-1.019900 0.084911
-0.970149 0.081190
-0.920398 0.077369
-0.870647 0.073464
-0.820896 0.069486
-0.771144 0.065448
-0.721393 0.061359
-0.671642 0.057229
-0.621891 0.053065
-0.572139 0.048874
-0.522388 0.044663
-0.472637 0.040435
-0.422886 0.036196
-0.373134 0.031948
-0.323383 0.027695
-0.273632 0.023437
-0.223881 0.019178
-0.174129 0.014917
-0.124378 0.010655
-0.074627 0.006393
-0.024876 0.002131
0.024876 -0.002131
0.074627 -0.006393
0.124378 -0.010655
0.174129 -0.014917
0.223881 -0.019178
0.273632 -0.023437
0.323383 -0.027695
0.373134 -0.031948
0.422886 -0.036196
0.472637 -0.040435
0.522388 -0.044663
0.572139 -0.048874
0.621891 -0.053065
0.671642 -0.057229
0.721393 -0.061359
0.771144 -0.065448
0.820896 -0.069486
0.870647 -0.073464
0.920398 -0.077369
0.970149 -0.081190
1.019900 -0.084911
1.069652 -0.088518
1.119403 -0.091993
1.169154 -0.095320
1.218905 -0.098477
1.268657 -0.101445
1.318408 -0.104202
1.368159 -0.106723
1.417910 -0.108987
1.467662 -0.110966
1.517413 -0.112637
1.567164 -0.113971
1.616915 -0.114943
1.666667 -0.115527
1.716418 -0.115695
1.766169 -0.115422
1.815920 -0.114683
1.865672 -0.113454
1.915423 -0.111715
1.965174 -0.109445
2.014925 -0.106629
2.064677 -0.103252
2.114428 -0.099306
2.164179 -0.094786
2.213930 -0.089691
2.263682 -0.084027
2.313433 -0.077807
2.363184 -0.071048
2.412935 -0.063775
2.462687 -0.056022
2.512438 -0.047830
2.562189 -0.039247
2.611940 -0.030331
2.661692 -0.021147
2.711443 -0.011770
2.761194 -0.002281
2.810945 0.007231
2.860697 0.016669
2.910448 0.025931
2.960199 0.034909
3.009950 0.043490
3.059701 0.051563
3.109453 0.059011
3.159204 0.065721
3.208955 0.071582
3.258706 0.076491
3.308458 0.080349
3.358209 0.083069
3.407960 0.084578
3.457711 0.084816
3.507463 0.083743
3.557214 0.081338
3.606965 0.077601
3.656716 0.072559
3.706468 0.066262
3.756219 0.058788
3.805970 0.050242
3.855721 0.040754
3.905473 0.030482
3.955224 0.019609
4.004975 0.008340
4.054726 -0.003103
4.104478 -0.014479
4.154229 -0.025540
4.203980 -0.036031
4.253731 -0.045699
4.303483 -0.054297
4.353234 -0.061595
4.402985 -0.067383
4.452736 -0.071482
4.502488 -0.073749
4.552239 -0.074082
4.601990 -0.072429
4.651741 -0.068793
4.701493 -0.063233
4.751244 -0.055864
4.800995 -0.046865
4.850746 -0.036469
4.900498 -0.024964
4.950249 -0.012683
5.000000 0.000000
